17.389184937458811, 5.9452835141837612, -0.00013044919127455412, 6.1727748592638033e-05
17.549138301242415, 3.0310823738722394, -0.00018892290209625165, 2.8405741350578491e-05
17.490919622663093, 4.4638363699601591, 9.2260738778138262e-05, 0.00034491254303837008
17.52250371424676, 4.2588754642950821, 6.8295589944550929e-05, 0.00030966675778193171
18.046435469435835, 4.3094969654687869, -7.9459612272895293e-05, 0.00010129126968167872
17.717825682654301, 6.8427412960609519, -7.1766980259567749e-05, 7.1504983606262776e-05
17.340735092056168, 16.264730038145483, 1.8841499721624027e-05, 7.2775028815592267e-05
17.530065720730452, 9.1210249527697353, -0.00024189601794516512, -0.00017639742830624389
17.325651465885493, 6.4221081086984588, -3.3124954827479666e-05, 3.3778373524761923e-05
16.75087025393465, 3.1529949096510483, 0.00011740990792706568, -9.908059455909924e-05
17.123842287624289, 2.1592444653099685, 4.9490861162382868e-05, -2.3221269176055455e-05
17.781485347835353, 6.2395186280842001, -0.00012887191213281627, 4.5347466404621662e-05
17.319210289347524, 8.9435213573262953, 8.8720883687909148e-05, -6.7156523613528938e-05
17.686122524347219, 1.3735668019594327, -5.9628277750592314e-05, 7.4003046128628101e-05
17.493708879021195, 7.8580604481035961, 0.0001040562327022859, 0.00019983167455085951
17.274548817391878, 3.7316886514206447, 0.00032246310653212713, 2.5844332566440226e-05
16.76253532040969, 32.41483886551665, -0.00027982019654035058, -0.00017926160900634308
17.962731186829327, 2.6121974588522185, 2.5909914860579808e-05, -3.1096749736871612e-06
17.79079210703495, 3.7680044877547085, 4.5087827878779254e-05, -0.00010571868726441375
18.150407989806844, 4.2097352832432566, -3.1390664094148233e-05, 0.00021039372503626807
17.629608127127458, 4.0086836234345116, -0.00015491983580198068, 0.00010303802955467323
17.482068846838359, 1.4264862096022699, -0.00014023517198318369, 8.4675577930233345e-05
17.247947582637018, 10.625412139147677, -4.7563438314489359e-06, 5.7441963997668259e-05
17.749326622728031, 3.7133264352024606, -0.00015063779380634942, -0.00025086880878728808
17.382658440047081, 0.6790924880658108, 9.3157716351017963e-05, 3.4427782631451685e-05
17.712456552826055, 3.8623238616591951, -2.2168579662521452e-05, 0.00017985223756070736
17.091244210128551, 2.1894632181220355, -5.0982844364623401e-05, 4.3746845805686046e-05
17.06337590270665, 8.7385530591237774, -6.6525944249037024e-05, -5.3669816066076474e-05
18.306710482344627, 7.6139620602007394, -0.00015796259871693675, -4.3019878054016547e-06
18.483735211364337, 6.0451198283948449, 8.7119497810713459e-05, -4.2290790632159162e-06
17.107516328836802, 7.3250820775361092, -0.00020018547947454836, -0.00018540131933946977
18.089704233973816, 6.3885945888432714, -5.8892892418473835e-06, -3.6460988084143605e-05
16.311446557793641, 41.653065818252102, -0.00076497303626626924, 0.00016247382328421055
17.139236947172108, 2.648359955813707, 6.3711967905519467e-06, 5.4061713148071707e-05
17.997812810364614, 3.4239268405241146, 2.5057563955424885e-05, -0.00017836779529459046
17.46231092002207, 8.8192287137784131, -0.00023562729188339958, 0.00016793143366252271
17.952583346511361, 1.755520274550084, -7.2940512437515438e-05, 1.2365199883831356e-05
17.610950341662509, 16.455094178967737, 6.9294417904103837e-05, -0.00030261036351098138
17.921398523522605, 2.4713875042404823, -3.0228904342479661e-05, -2.5976389865452405e-05
17.661163825495557, 4.1200137537066768, -0.00010804628992309348, 5.879917347482621e-05
17.52238435153118, 11.382143908008711, -0.00014652569631686636, -0.00019479410614624287
16.890067222199473, 8.4000028944443432, -2.6531127071699375e-05, -5.4053166979008371e-05
17.231290245077798, 7.5801718925828965, 0.00021640258903307002, -7.2488987850309326e-05
17.532548511870232, 8.7467434929004746, -0.00027018243031060805, -0.00033492610152273752
17.838323498328997, 0.87385459491102624, -9.3914167788930938e-06, -0.00013079200685218195
17.180409181102245, 11.974071054436342, 0.00014803514020702001, 0.00025259827315320121
17.215422094246147, 10.179089879463332, -0.00019655969265437747, -0.00021812011308504936
10.497415958245185, 70.115063719133957, -0.00047645830783125113, 0.00077489206482184744
17.365674587064781, 9.5047685789994123, -0.00016633245344668083, 6.6798861930561097e-05
17.475738841905368, 5.6037285648988773, -0.00010498688579443894, -2.6220424747751578e-05
17.656891584392646, 9.8445971456251655, 1.1327908521237647e-05, 8.2324707720183137e-05
18.06845578406719, 8.3115547558196088, -7.3502918964591181e-07, 0.00014427458121763474
17.591343762532134, 3.6698293756434408, 6.4928032979345287e-05, 3.868619396015954e-05
17.2254885560044, 8.6524215579751917, 9.6076823275038751e-05, 7.0001831668025486e-05
17.315045413291678, 9.9036475292434627, -4.9528028039091222e-05, -0.0003719342699722334
17.215185421987844, 4.7906591094138102, 4.1641907226700878e-05, 0.00018014923006614867
17.971175781923161, 4.6096787156308396, -7.4253959823303447e-05, -0.00013012186984530976
18.213055049521873, 5.3427882732645111, 4.8346605210910319e-05, -1.3789548612664023e-05
17.353384127172816, 8.5382773768869633, 0.00039078075441863127, 8.3054990311447356e-05
17.535773680635682, 1.4349050674408073, -4.7809318182515704e-05, -0.00016295311380957705
18.126807875812876, 5.7392648479850337, -8.2725376530407824e-05, 5.7630318293081022e-05
17.898970065499419, 6.1396287698417273, 4.991054402485014e-05, 0.0002069496255006844
17.581069323519138, 5.2079411048801889, -0.00013695934975378456, 8.6370059138465665e-05
16.876028450487638, 4.9698053722299669, 0.00015745342664945608, -0.00022834196466071162
17.773077478504629, 3.5882539884671383, 7.6557246114869335e-05, 3.5990677888656693e-05
17.483175806825344, 7.5599184000107593, -0.00023570065018491834, -0.00017593165043978633
17.437576789672434, 4.3918272779400622, -5.2832062192983753e-06, -8.5102714307323536e-05
16.701771302125437, 11.134210260376449, -0.00086206265350278945, 8.1437825025901803e-05
17.520507386087818, 0.61990100206109355, 9.300011363883051e-06, 3.6876982955929282e-05
17.393910121455459, 5.4143138491278027, 6.284213041370599e-05, 0.00012050009555332816
17.433738661099277, 9.2804615701013891, -0.00016128371870508619, -0.000125909975033195
16.854105707903695, 7.6039116071029369, -0.00017954235326688881, -0.00017155510728607197
17.325405902179781, 5.6586783743541753, -1.1784521330872075e-05, 0.00022462070698524549
17.425237253394467, 5.6175136604783296, 0.00010330441649826474, 0.00022173157198722738
17.467227878266375, 8.3749876987305427, -0.000216225344536496, 8.2835956418107122e-05
16.928937486147284, 6.7361876983102897, -3.0030278801343318e-05, 0.00010283590564521319
17.409115228988082, 3.4881009139956305, 0.00014685113540150591, -6.1589331077968964e-05
17.870857431450588, 2.4573001706811626, -0.00014521392974157571, 3.4021787610715774e-05
17.85498882339191, 12.764151089856409, 0.00023582749632572781, 0.00011149388506643151
17.564975080197939, 1.7547135847975914, 7.129054165362365e-05, 8.3684137604967142e-05
17.782480404966826, 1.7512297456881643, -7.9486587972062413e-05, 4.4117424179077081e-05
17.788906672779266, 10.802146463583567, -0.00031097124667317446, 1.1011421523417374e-05
17.637967746343769, 7.4210520712887096, 0.00010124077785717941, -0.00014628444379335956
17.502628316620719, 13.563888171673444, -0.00011604571593877985, 0.00016791583209549714
16.438980680247315, 19.88341076169695, -0.00080317176548283032, 0.00019013648674493406
17.540803787896781, 9.4651517986919664, 0.00011156453859212597, 0.00011815939451089752
17.404372675466401, 7.688277773167691, -0.00021166593212353194, -0.0001385208745023763
17.462013051336857, 4.426254889186171, 4.8805376820729077e-06, 2.7918979114099357e-05
17.803462133766654, 7.1758335685351371, 0.00012615336987393611, 0.00017920908331622219
18.189254476025116, 8.4711148595192132, -0.00010525648253761006, -0.00029862430372474386
15.931249092160039, 28.545397365704098, 0.0005132314211330894, -0.00045171131137372421
18.09533743635491, 9.0117288461807998, 0.00023032113295522047, -1.7737747411910171e-05
17.952764877247176, 3.5423810879327009, 2.5686934926838653e-05, -9.8633637044963224e-05
17.788296487662468, 8.6040389560678729, -0.00011901071152143406, 0.00019300648834630907
17.270184677118106, 4.3200988416652653, -2.235560543042416e-05, -7.4264062173814944e-05
17.230172272304472, 2.1254631357102038, -0.00014080282722553515, -0.00011826488412735561
17.659045252091115, 2.9724720919668584, -1.9435154657145624e-05, 2.3826434263016872e-05
17.708971435631778, 5.9540972247201731, 0.00034696009267466525, -8.5008319923212281e-05
17.241355764254603, 7.385385981134414, -1.6242232589645563e-05, -7.5065922523983908e-05
17.561348053471725, 6.9375402977758087, -0.00018444430994255567, 0.00010638217170992486
17.808452705529032, 4.5972098089093549, 7.4690677099157915e-05, 6.0361876593563532e-05
17.454820089431941, 9.0569080310277492, -0.00024739529816617309, 8.8897587621487662e-07
17.36898831668125, 2.3675808035061379, 0.00026205391971790594, 0.00021030454641821962
17.726890931003943, 5.1642630009817978, -5.8016998839995796e-05, -3.4286836969127092e-05
17.169970230887721, 6.4506982273717179, -0.00032396163146652734, 2.3051291567850718e-05
17.298952558000661, 2.4545629211259907, -0.00020494830278517626, -0.00020035490143385885
17.677176688812981, 2.3343569037145837, 9.556439761896782e-06, 4.9522022912695237e-05
18.333686162048142, 4.6296564690246456, 7.7196482720846447e-05, -3.6554046535213829e-05
17.511289256066114, 5.9698925921695318, 9.6947937274394482e-05, -5.1566530426820645e-05
16.832271223738768, 5.5161972931166492, -0.00014863302281998685, 0.00026158337662359474
17.345767091977201, 9.3455683827525782, 0.00026902605912286904, -0.00018775725256202743
17.670605534830919, 8.1780685488256175, 0.0001702359026940057, -0.00013662342935244441
17.126704038903476, 2.4918329101100225, 1.2547099350571336e-05, 0.00011788889153506972
17.547865737562191, 7.8391519101726752, -0.00014855227758980356, -3.2222723109376777e-05
17.840608600851645, 11.585612985001818, -8.5123389234996154e-05, -5.8725853121669233e-05
17.465984327185762, 1.9654387425773172, 0.00013362394851636661, -4.9516336080949521e-07
17.606549479450202, 7.8829401266060435, 0.00021034028689020508, 5.6257530529097962e-05
17.863091054800421, 4.9893071832864839, -1.6774024070024852e-05, -1.8608436938590868e-05
18.252657200137509, 2.1594897696927009, 4.321718164741225e-05, -2.569791826144745e-06
17.741441980541463, 5.9723643798072681, -4.1304959842370342e-05, -0.0002027310336278528
17.452920188834188, 8.6805468575835718, -6.3890220554381792e-05, 5.6094735610298839e-05
18.309071237488745, 8.5451953366125259, -0.00019333558181203807, -0.00019924013828622437
17.644820538601167, 0.22049152719659407, -0.00018869373079658075, -3.1270805226013143e-05
17.210944304344899, 12.874452887681748, -0.00018488776749333604, 4.2237674886983865e-05
17.633894775460238, 6.6293660723674259, 0.00020627002578796588, 5.7820037113440981e-05
18.146206482807099, 2.6393901633783274, 4.3821503612339351e-05, 6.0397325930547923e-05
18.477234508102129, 6.7624462204242137, -4.4022679785908119e-05, -0.0001526823878558376
17.743458015560659, 12.694071698709987, 3.9688908697959155e-08, 0.00036474720793542903
17.839631458061753, 3.3100842471118046, -4.7042190782284239e-05, 2.9402647666909054e-05
17.420871466144639, 3.3286189106624624, -4.9016546423125009e-05, -8.3765240893292884e-05
17.149280118152767, 9.1073512342266696, 0.00029921694965964079, -0.00013535583590334265
17.54845926873125, 4.8769518017600921, -2.7531734101337293e-05, -0.00013847850345711648
17.239139925518458, 3.9415570665783313, -8.0603846759413848e-05, -0.0001910709565927697
17.831572359957242, 4.7869647788651974, -0.00012611771441642269, 1.2023057157899904e-06
17.090065752496145, 5.1618505833216641, 3.4467721711718979e-05, 8.6966138438526831e-05
18.107202437720129, 6.7188646544448716, 8.6452503235164292e-05, -9.1429328223572895e-05
17.457990317752586, 7.7679201613759972, 1.5377969009719167e-05, 0.00011448660820153363
17.776564861749577, 14.552856802754453, -0.00033395196358408034, -0.00019969147427545829
18.350977420925208, 4.9229145348411194, -0.00012903811993340847, 8.6498905188189782e-05
17.542131285649898, 10.855767078621295, -0.00012242390817426586, -0.00024180153709402899
17.80229848854346, 6.7381012534115987, 0.00027359917787772874, -3.5960500035453291e-05
18.217187490256531, 21.417522969575042, -0.00012017711087963056, 2.9957552875879682e-05
16.577192511340325, 12.193328390719737, 0.00027835752047935457, 0.00036341877762237145
17.561978109321828, 2.0789987609371008, -9.6338007062213388e-05, -6.7883900675229914e-05
17.290871646609268, 4.9656490103859587, 8.645414416595021e-05, -5.0489122547805132e-05
17.70847850587403, 3.7811819290385116, -3.4857650895349468e-05, 4.6181671222960369e-05
17.067064601749586, 11.706940511478244, -0.00011410030004725101, 0.00013611630617547149
17.918219640017053, 4.1642620832959869, 0.00022756188888975042, 2.939163362827717e-05
17.886222830093921, 3.1889167228075532, 9.1513404067026139e-05, 0.00020477170159794464
17.697634638998785, 5.3212713759799515, 0.00026011002627791759, -3.6490248380318183e-05
17.603145855705932, 5.696717666668591, -6.3927064134893075e-05, -0.00027336958523310295
17.374392289923541, 8.0815698411873758, 0.00014274708141521477, 0.00019040177984372032
16.906711984160122, 10.425702946043462, -2.552356225265027e-05, 0.00034894891238603485
17.529272455727472, 7.9374818073249864, 7.7407801178412708e-06, -9.2106180055931687e-05
17.047149643673226, 11.024756823455483, -7.8000642775952634e-05, -0.00046619074830417091
17.690804273960719, 0.94445719599372635, -1.1774745373139549e-06, -3.7774055781573514e-05
17.256185105852023, 6.620378591922484, -0.00016721232556737248, 0.00010628687058089038
17.569016787209854, 8.1686305605516569, 3.7481723149359656e-06, 2.64938262421032e-05
16.958497300522243, 12.391951088194439, -0.00025243641216262671, -0.00036142686580263383
17.274113197150676, 3.6693817519201053, 0.00021002700298084444, -0.00012324614724035018
17.900384323564502, 7.1404814892944888, 2.214797626028059e-05, 0.00036871949012456457
17.593685436621588, 4.2956809350539018, -4.6756801341451329e-05, 6.758273610539565e-05
17.605410666010034, 6.4160150742762809, 8.7591217250324103e-05, 0.00018741524255288036
17.653035929720758, 5.4152409770431644, -4.7637359847252947e-06, 2.0920381891797146e-05
17.020172550929644, 4.1244109764924168, -0.00039462588263379126, -5.9049771490521976e-05
17.75392948753251, 3.2370680172450528, -7.3378818799947618e-05, -7.4478503914730514e-05
17.587211530158232, 3.3697365420139023, 5.5649052357471286e-05, -9.0268578075486904e-05
17.655870511165912, 5.5290814211732613, -0.0001864030788444241, 8.2458924776588778e-05
17.538121280458075, 4.9475679745704246, -0.00010325355917776904, -0.00013974499575884438
17.496375652923845, 0.54333051157175438, 0.00011574034772096189, -6.3082123024001254e-05
17.57461336731658, 11.812889662584128, -0.00010716947964792383, 0.0002571911896391247
17.820688669028769, 2.1022661914162031, 2.8500911704777667e-05, 3.0109467772459318e-06
17.176068355898121, 3.4120716399551445, -2.3529894192556417e-05, -1.2271235193640657e-05
17.014078037208431, 7.7152463521720502, 0.00011403858707608656, 0.00010813853510295763
17.362499816992941, 9.4515807985037803, 0.00019238389109975539, -9.8732140919394158e-05
17.569305082768118, 5.5259851178295811, 9.2462401530123709e-05, 0.00031039303584053394
17.539963173305445, 17.915189368492747, 3.5771232081252382e-05, 0.00012018828562322426
17.452170600559533, 4.5815380726758432, 0.00017545803244994971, -0.00012735225510349674
17.321564243917827, 3.3534550988995986, 2.6861228190001297e-05, 0.00023945944252233496
17.243447347423938, 5.6130219700592789, 0.00014466727380323862, 0.00026652048383527758
18.016744154659573, 13.993315889532935, 0.00027780539285597806, -0.00012579785031115607
17.526993237288501, 5.383875698047933, -8.3816228393305989e-05, -0.00022472615115537507
17.273561355129143, 13.590136009868814, -0.00010764903041381106, -0.00027149633474348112
17.421255904303884, 4.0741136881187456, 2.0298038414787401e-05, -0.00011290522772959498
17.750005053022566, 1.5841016329449353, -1.6763612357997641e-05, 0.00010823369050626444
17.65539730794552, 0.39960479146632155, -6.8860823234511174e-05, 0.000176641222386413
18.138529706923503, 4.7209354407144808, 8.4498035573307405e-05, 7.5887475799769877e-05
17.17773911712198, 8.1593319304879142, -2.14239997369295e-05, -0.00013890675452016038
17.783645920447103, 1.7607024303443684, -3.8399257735217001e-05, -4.0079667519136402e-05
17.75276425448348, 6.9821364702886193, 7.7699268018016461e-05, -0.00018299042338461961
17.470701784876834, 7.9864074926818045, 0.00011819854939867683, 0.00012421921925159676
17.532929616293139, 6.540387504852597, 9.5821413965006347e-05, 1.846291408052588e-06
17.271650318239455, 10.632157608366308, 0.00024955738761223281, 9.8919150313378368e-05
17.550149775321582, 4.151285386326383, -7.9647257775150649e-05, -0.00014319509478084231
18.241190723567389, 3.033011585201054, 1.084117652651866e-05, -1.6271788301613663e-05
17.434209819880063, 5.1521051267254565, 0.00023135823461944939, -0.00010819762483883223
17.575191732180173, 1.759036798549219, -4.0225798319007907e-05, 1.1873669654418812e-05
17.361708808300467, 8.0244013870886768, 8.9704142354831909e-05, 0.00015127056398772567
17.192202927687021, 6.3031838405570086, 7.7750644813453506e-05, -0.00013011294147582296
17.878852508144018, 1.6530016003633332, -0.00012346424840727749, 6.6135105762256879e-05
17.349313312913917, 5.2998673796583988, -9.4714088051680921e-06, -8.7062158959995897e-05
16.237810176186127, 24.287886352525231, 0.00070695803084315685, -0.00023181023891417484
18.398165762493495, 3.8765820446468746, 8.6350142433993268e-05, 1.5925751457783393e-05
16.912593679754426, 9.1807334459625789, -0.00037937174453601046, 0.00027316759468318458
17.876008679950296, 1.6338010796882791, 0.00013481213789359205, -1.8349132160587226e-05
16.625719620099694, 9.773102552534322, -0.00031380941188412968, -0.00032725521580307835
17.092572317762226, 10.636031585980525, 0.00031944251361352917, 0.0002613128038888976
17.972768206941566, 7.1212485981008991, 0.00024366768942032815, 4.2858292922251547e-05
17.001195264710894, 3.3280217733863684, -5.2206708985569554e-06, -2.2675125658427185e-05
18.018451880257754, 5.22476828485852, -2.2624429764259599e-05, -2.1961973845797943e-05
17.71578429056979, 4.3885514776356169, -9.7552566780501063e-05, 0.00011740819500848542
17.581514331526961, 3.2963931573569045, 7.5558813393413236e-05, 5.9355852339365886e-05
17.761980207020009, 14.13569001840562, 0.00014253163077313592, 0.00028292485164568018
15.908571110485894, 19.501700679282379, 0.00068111005312816253, 0.00026216759293954398
16.787960854111745, 5.7068377128246732, 0.00019481466620938168, -0.00034853695008599792
17.764931423662549, 3.4719272651834023, 2.3244148668358233e-05, 0.00015693161295950116
17.657997530402088, 6.400184226064761, -0.0003582761527926147, -3.1849189871858809e-05
17.266888968714767, 3.1221915744638853, -6.51154873326608e-05, -1.592179742007798e-05
17.456708688616274, 3.7961364689383581, -6.6432267506836496e-05, 9.5782562337005952e-05
18.358994175848007, 4.1021229275503845, 0.00010644627019178183, -9.4251373452665333e-05
17.543765354799238, 9.3760303110741923, -3.2269509202534161e-05, -0.0002688177085003526
17.400388779043315, 5.3200748914253504, 0.00016692746960044331, 6.7939648778275977e-05
17.826645489293536, 4.4279069005212239, -0.00014469493637622713, 1.6760701290435723e-06
17.907425881691388, 5.0274649580658641, 3.6007340704097045e-05, -0.0001178756160932165
17.289140699807874, 0.92140398226952003, 0.00019243904187190872, -8.1558579052347705e-05
16.747598325538775, 25.047777947175, -0.00021540169223651233, 3.9853027798868702e-05
17.754642644345886, 3.1285497523335239, 3.1512968133952318e-05, 1.3925107165227186e-05
17.589157836464985, 5.0916215749471014, -6.8232160100442703e-05, -0.00018519163060903162
17.693522639451086, 3.7816462975589977, -4.1025265392213855e-05, 7.6729829866558667e-05
17.814790570339593, 5.0906938014539307, 3.6011512772907907e-05, -0.00025360850528273254
17.47317399595692, 3.6875523326467374, 0.00015822503183567855, -0.00022369648366173445
17.095529341351856, 5.68422688964234, 0.00015233776056089167, 2.4388406481672399e-05
17.475484189470546, 1.1169109811705933, -3.6359523098173151e-05, -4.0808330659085046e-05
17.859308346747209, 3.9096438402708613, -0.00021254280051646304, -0.00020586006352224658
17.534347303656897, 5.6172508719503176, -7.7670341965253986e-05, 1.3262471747530377e-05
16.880088719969578, 5.4179568519062284, 4.9680358423524203e-05, -5.5163943821292653e-05
17.790138371758211, 10.39413185371194, -0.00015946225559249441, 0.00011644115523951045
17.56767634985578, 1.415104777182608, -0.00011529117297136742, 7.6126418020031509e-05
17.41792589113242, 8.0107612865881741, 0.00019172139464061137, -0.00021500495653823174
17.074259163527902, 14.143421367332603, 0.00031719054519003848, -0.00013447485018743742
18.34551389898742, 3.1488012789145312, 4.4463005487380194e-05, -5.0059355980847179e-05
18.132416891025507, 7.6390283533466503, -0.00013366787706936014, -5.1662956293293414e-05
16.468791805834471, 16.892040253552601, -0.00074104735134594268, 0.00043202701071132292
17.625168217262146, 4.3998731003038936, -3.8874647752474943e-05, -1.1374426669143101e-05
17.61285324461479, 2.9799510230707345, 0.00019363200778058521, -1.7775365031192046e-05
17.142501683304541, 7.1172626251415059, -0.00024776312003708955, 0.00011900166241822588
17.881955679314043, 2.75930634078169, 4.0061770557364337e-05, 9.7266718231640856e-05
17.463447293848102, 5.1271091580046999, -3.5389790657287847e-05, -2.0573620327894806e-05
17.456169152006943, 9.1628651847337448, 3.4479639448465105e-05, 0.00018590723557406735
10.855724837121418, 37.710213393138353, 0.0011395129452906648, -0.0013732389199661633
17.652219348821163, 6.0996392025226225, -0.0002287490261389228, -2.6712777055525601e-05
17.740079935993489, 10.281997280107563, 7.7472890758317089e-05, -0.00029973455028364305
17.296405700536894, 3.9623586480257704, -0.00017116502113954143, -3.852047117382763e-08
17.504455559599066, 2.5725806516543179, 4.0048966450863667e-05, 0.00010874636807123292
17.697945749412469, 5.2028084588638066, 2.1098614643104446e-05, -2.3922177027965331e-05
17.82079729747802, 7.1263031543734421, -0.00010067342498311377, 2.875104970234137e-05
17.387880466688465, 11.496089645047354, 0.00027884954995345865, 0.00021625032820932864
18.112086318405581, 3.8370835414651445, 3.8655895765251547e-05, 9.086853322162637e-05
17.559952920467509, 1.4202787590899173, -4.8776367743102244e-06, 0.00015369457019263398
17.601479804748234, 3.7865806137015192, 2.2133011021345958e-05, 0.00021916162525801959
17.798297705023092, 1.6986613836464719, -0.00012889382831790208, -1.3046819668100551e-05
17.260776398647941, 2.7292360817783035, 4.0901525494785456e-06, -0.00018134453585590365
17.394484246828828, 3.0126468332400802, -0.00015933480298365102, -0.00026985277093610326
17.457769605390588, 5.5459472035342126, -9.0523309016800708e-06, -1.3842638917059988e-05
18.16314336749501, 2.6134914197626968, 5.2152608813670733e-06, 0.0001441188203710909
17.062480238269675, 7.1744369691214267, 0.00012339430830179369, -0.00017106274516175517
17.421170489253758, 5.74415416191502, 0.00011505689224724285, -0.00018343040236630539
17.297203323124517, 10.379651940660791, -3.5822909830556107e-05, 0.00029509193002982733
17.858031798308797, 8.1491017204485203, 0.0001991594364364459, -0.00028540869417564293
17.334112213903111, 6.5246150084901977, 2.0440661480512503e-05, -0.0001652830752539381
17.543596874906104, 15.862366876623327, 0.00041807392426129736, -0.00021698346154380214
16.815221435661591, 5.6448118205314426, -0.00027511861141438378, -4.9380554123544926e-05
17.737276764864244, 1.8915360882342225, 9.3059008057455248e-05, 7.9936572664768431e-05
17.203896747834115, 8.4257057916346003, 0.00019232190266011724, -0.00016538162729911354
17.33766303285952, 5.5286521553933063, 3.1241666322181263e-05, -3.5757189313710538e-05
17.313896197578579, 6.6177067336268554, 0.00014916930502697703, 0.00011933940984267438
17.259066181267936, 7.6314574112001985, 6.2515546350612274e-05, -7.08562153356405e-05
17.709109570306378, 3.6453848755384763, -1.1117277892095164e-05, 2.4837372687307477e-07
17.257620426888455, 4.2811333781370289, -7.0511490802405217e-05, 0.0001408285794476509
17.681946120499404, 5.7334579853285925, 0.00010874598645440121, -4.9607302678346458e-05
17.33472197300517, 6.5405073037559811, -6.9148517658108134e-05, 5.5206054959427464e-05
17.34893164737715, 12.143359922040649, 1.0355020141389477e-05, -0.00014746809764515432
17.535580196381282, 3.2685590221557583, 7.0849688095151127e-06, 4.2309427323925171e-05
17.418305989028738, 5.2644454350496694, 3.9565757402037313e-05, 0.00024948324818008076
16.884096344121211, 30.175576303301238, 0.00010245060641476035, -0.00031117080570708416
17.942657597424759, 12.895295860851443, -0.00017345999667003022, -0.00010974977074394048
16.950055251067713, 20.334050254022557, 3.523532890201074e-05, 0.00035178224142234921
17.040593193012715, 18.200736193924385, -0.00010472056837018197, 0.00063987959245556615
17.691302401035806, 13.709558415286212, -8.6495321274864898e-05, -1.249300770430707e-05
17.839971911281058, 6.6938321701579913, -3.9854022747072443e-05, 0.00018972120777931218
17.414308356130842, 9.7266701482173126, 0.00028915251464599101, 5.0505184737017191e-06
17.784637942535408, 7.0993324074520148, 7.129391706830195e-05, -3.6127868963662095e-05
17.341625523286215, 8.3933663908252729, -0.00017632246390584467, -0.0002176961655560305
17.688543902236908, 9.2568361797037912, -7.4014449020744279e-05, -0.00024201631602124426
17.132632507686207, 4.4929837167461928, -4.5353235370824289e-05, 0.00023348484131311651
13.729777096513857, 38.824534664211029, 0.00093693848439354004, 2.8420973428830627e-05
17.459362883081329, 7.6171517134742937, -0.00015991435230962273, 0.00010853331690009087
17.836602205696803, 2.63291376216617, -4.1648581802865371e-05, -0.00026931315609719444
18.125394169408704, 5.4432035328701689, 4.9435781692777819e-05, 1.6769243329786348e-05
18.124164592058595, 4.737458624546151, -8.8299944604823441e-05, 9.704967841195751e-06
17.389189197952177, 5.5104652275178969, 0.00015924960125439705, -0.00017188883901143068
17.370075238631006, 5.6110965207233381, -0.00010955250472745724, -6.6765660712227892e-05
17.543471545724501, 1.8615887126774522, -0.00010407457074120907, -4.3365376868100762e-05
17.995863749093392, 7.7359775973546112, 0.00017843186245432839, 0.00019784658493146904
17.505986110618135, 5.9286573930491278, -2.9106333604152494e-05, -9.434076500200072e-05
17.530570077307186, 4.699977120617187, -0.00011931748724008314, -9.1639253939687916e-05
17.610167667403672, 4.0743630933254922, 0.0001158982862103059, 0.00018551895258240398
17.533134463510155, 4.68240783488364, -4.8090220851871596e-05, -0.00015335032404227553
17.675734650724436, 4.9417774819709059, 3.9377503149556943e-05, 5.8960252435151199e-06
17.351450962100717, 2.0592252735657457, 4.9872803578727932e-06, -0.00017533286651436153
8.4352095258080624, 57.988965332649798, -0.0012873759481090694, -0.00071203777670829664
17.454460623338875, 2.4015116200415179, 3.7154577121551934e-05, 1.3508991806784433e-05
17.715999947151882, 8.5669287208636096, -5.1659461199450403e-05, -0.00020259586803765835
17.58806111255786, 1.6523270455442556, 0.00012368887989605283, 4.570132781296569e-06
17.81310244592143, 1.8232738626437373, -7.0807455961815289e-05, -0.00012346679078046073
17.287824227463219, 3.6841287721248284, -2.6878553632626393e-05, 0.00014687173959606909
17.900381630957234, 2.6505348652745644, 6.8597139881292687e-05, -5.7566636553091268e-05
17.598159610374651, 4.9672641290583348, 2.4623840536968401e-05, -0.00011427188514937399
18.43014225544567, 1.526177960057153, 5.0385608534641609e-05, -0.00019790634959621772
17.037317210310253, 13.538778370459045, -0.00025751878543525957, -9.9599698991156629e-05
17.903784635013125, 8.5697143982077506, 1.9279484129765167e-05, -7.7862185021880027e-05
16.741274664528738, 12.878549938120068, -0.0004116363212900434, 3.3501894992280031e-05
17.612081366592367, 7.6069844472301984, -5.6367673251221189e-05, 0.00025960576681772427
18.217548241267171, 7.8098237251856757, -5.8039801873411453e-05, -8.5534455729501958e-05
17.158808112453109, 3.5020672152906371, 2.5409819047771876e-05, 1.8482586026445304e-05
18.28656637101599, 3.7361458831633674, -1.4967818159572178e-05, -3.2344326910394311e-05
17.585723693654703, 11.479998534712918, -0.00020239038160182028, 8.1152426981422412e-05
17.7054022931544, 2.2132232574476776, -1.8826559120192608e-05, 3.5058617797734908e-05
17.662788780476522, 10.161980899342765, -0.00020624235143330773, -0.00011486841103110511
17.074031520979055, 7.0266742921009167, 8.3228227852415765e-05, -0.00017046250339659516
17.869080644925482, 14.645180732229552, -0.00022592341267054742, 0.0001269333309511461
17.677751863111801, 6.8321130557729077, -9.9675958108282406e-06, 0.00027164823834483571
17.6699593322145, 4.6949733443296049, -2.7953200038779979e-05, -1.3872222953997109e-05
17.718167468428536, 5.4206939137882246, -0.00013794785441113586, 6.9835217336806007e-05
17.672671425331909, 14.677302481515712, 0.00013583973482416908, 0.00042278030243835451
17.475098533618574, 5.2508837205560797, -0.00015414800060981377, -9.6147541493685733e-05
18.016203682720111, 8.7125453813184439, -0.00013546898171980183, -6.8438256400336697e-05
18.004836597528413, 8.7743552310155959, 0.00012967966500787069, 1.1104374237717031e-05
17.356751014181373, 5.3599267201939265, 3.8985049201686155e-05, -0.00016433333312146372
17.907133270601939, 5.6053126556541759, 7.8183355128317344e-05, -6.8577938563919107e-05
17.131702453096356, 8.1220701500157393, -0.00012035175525000112, 5.984550918756703e-05
17.190970544576324, 14.812654791075728, -5.5701353751972667e-06, 0.00034169146972562166
18.166494208540158, 3.5387305976624939, -2.0956163610416302e-05, -2.0772396033698467e-05
17.724090955865929, 0.72159272025413668, -1.8273862702987608e-06, -1.4901112855503678e-05
17.450831929542844, 4.8231596547885509, 8.5709531079998868e-05, 0.00012069930887553697
17.5079968259382, 5.7983326901420353, 0.00011302006013515663, -8.4536574247249597e-05
17.469122033791784, 4.3136462005361222, -8.6423511512905026e-05, 0.00021238788767467674
18.196471277916459, 7.8369178882481298, 0.00024640981254691837, 0.00010913478958789136
17.985157947769576, 7.3949444748599378, 7.1893965091437197e-05, 9.9566869078244925e-06
17.297655571476028, 9.3173377938840698, -0.00010605031727327989, 0.00019838899600041959
17.401657693870387, 5.7764800523312694, 1.1934020820185295e-05, -4.1855084829065137e-05
17.99736195595451, 6.6240008815191933, 0.00023911044310807907, 0.00010832139724867782
17.990779824930751, 1.7785601562829767, -3.0923756080624204e-05, -6.5902049798880272e-06
17.850222670336638, 5.071829425718386, 2.1709636924727429e-05, 5.9220013734750098e-05
17.829385231179245, 7.8893142257991427, -9.7571543888023423e-05, 0.00028621623532100313
17.018995263419946, 2.0196638945676755, 2.5707501366126387e-05, -3.1570441547170447e-05
16.893916136255108, 13.541158267274273, -0.0001763054367045479, 0.00040290235456749376
16.99749501442972, 64.277697763476965, -0.00017515563600737464, -8.4823953997328015e-06
17.147854883418031, 12.570512748787245, -0.00023292458778661516, 0.00010426972513017223
16.851003230664187, 15.402233019647296, 0.00017733834621926883, 0.00030808768136907457
18.143287646066121, 9.678161703610785, 1.15681423166929e-06, -0.00020536318640637904
17.930156376300339, 2.1789034752416017, -0.00012435647678356703, -4.0455027114775545e-05
16.897871810658309, 23.298980266978049, 7.6869183716300784e-05, 0.00061668747845437084
17.347595948025816, 3.4068980559040618, 7.6921927096704559e-05, 0.00016470876842959153
17.760813810936614, 3.4167189797269555, -3.3958900682445675e-05, -7.7296326788025771e-05
17.75842000845369, 4.4042268456044811, 8.3270406991182909e-05, -5.6184798393497639e-05
17.82283487313472, 4.8877264047110849, 0.00024580439485399831, 7.6379563847552777e-05
14.699082376163718, 33.605262734948816, -7.3600954770700503e-05, -0.00075246413194124124
17.983819720181241, 7.8594014161825374, 3.3036136168570465e-05, 0.00021185198460276004
17.333979688163556, 6.6037159722700585, 0.00019244667220986346, 4.5074388074228523e-05
17.93249024882569, 4.6624792627340064, -4.4961023111403638e-05, -0.00019984825290565765
17.645733944605496, 5.1079950414710158, 7.0406298872284942e-05, -5.6560164441922733e-05
17.370908036423042, 11.026862541592116, 0.00010447430467042804, -0.00016811196910456412
17.115782937884003, 3.7971335581330132, -6.4806434191023172e-05, -6.7773823324542416e-05
18.113588652980802, 4.4559702709588587, -0.00023166320021202953, 7.4682034783887943e-05
17.380157207361307, 5.7403526663069959, 5.8859094178701628e-05, -0.00011673697765393389
17.18630531748876, 3.425032759353031, -0.00018060776037315669, -4.4400700195346774e-05
17.727541094398724, 8.4337190502783326, -7.5038105967134084e-05, -0.00023553147622899586
17.751299650039332, 6.0022598812982064, 0.00026218348639908023, -9.6411727204287275e-05
17.338036560035679, 7.8511412787295214, 1.7661043379386061e-05, 7.736622072073328e-05
17.442202284138517, 9.1572214331905677, 6.5489372410166028e-05, -0.00036152272278759879
17.718659433693919, 5.2556795574548225, 0.00015886503892290923, -5.7522636179275806e-05
17.596398267535847, 14.722388595859913, -9.1166137679893637e-05, -0.00021299981314665386
17.354266216830101, 2.7183480790768639, 0.00011752258693872937, 4.6733619109421838e-05
17.285734103462012, 7.2030341224881109, -6.9003253472960235e-05, -5.5324426216203316e-05
17.980618657727451, 9.6924651001386213, -1.9345282904003123e-05, -7.9746485754235668e-06
17.990504531354539, 4.8210435199007788, -7.8950015814508348e-05, 5.0570535661314389e-05
17.740971354996919, 7.3740106967960166, 0.00019000848464491453, 3.4664298524624541e-05
17.881581711164706, 2.5455652339264656, 4.0401717640295383e-05, 1.174847738306393e-05
17.642614200912337, 0.95411160889283786, -1.6134805900398619e-05, -5.4076422819700383e-05
17.855954218818983, 4.7280005800847782, 8.5315248493693889e-05, 0.00015004375797710414
17.235203392931989, 10.828108027042228, -0.00012680098426706005, 4.9353479771339593e-05
17.441442312473637, 8.3883901973630035, -6.0407105048179505e-05, -0.00010537571586578142
17.147035725700487, 12.619618737855511, -0.00030451655735873936, 3.0164832626156923e-05
17.381390631236393, 6.5376167682424624, 0.00014934408529339316, -4.730738314205389e-05
16.964484873040128, 3.0031531265149631, 7.0277511832642599e-05, 1.5526861932267893e-05
17.499715517588406, 6.8529610358623536, 8.6886053880237682e-05, 7.3440452262624325e-05
16.903423298450047, 5.3840002871616424, -0.000115794521342204, -0.00012892347518656444
17.279833892261042, 4.1896150052715493, 8.7293746691085623e-05, -0.00012162629621472662
18.256768551433858, 2.3557212353542045, 1.0272713332156765e-05, 0.00010880604908307092
17.687384599946579, 6.3524762487005786, 0.00017746009734229126, -0.00020738036982445145
17.312516879199787, 8.0921087493900146, -0.00019521086438635977, -5.0345743830569933e-05
18.02204432192255, 6.4580186254863152, -7.8500727272247752e-05, 0.00011742534327776515
17.704267351786999, 6.809026637166494, 0.00013272083335946682, -0.00017365863089422132
17.844756683973166, 4.1266690514900599, 6.4188889026852979e-05, 7.6698642474800293e-05
17.516174608257778, 4.0901615157414284, 6.726220621753321e-05, 5.2297881572879086e-06
16.877312357266032, 4.8883338245937651, -0.00029755718516233333, 0.0001968381021456816
17.440260401137905, 2.2413741722194951, -0.00010007334240262867, -4.3513696306082449e-05
17.745021253653043, 8.4348406184399352, -0.00020106630335644797, -0.00010873128137946839
17.618917996714188, 2.1442292378426591, 4.8239556340467534e-05, -5.8833911703668626e-05
16.915307254598748, 10.063120391441156, 0.00034863785416807026, -8.0663334801925221e-05
17.996691594113027, 8.5304648830309038, -4.2127926937119758e-05, -0.00015083063401289765
17.66906343758874, 4.5203451035798183, 0.00018251090788578794, -0.00016317078545254721
17.893381664281257, 9.9014931540900513, -0.00011037845782648101, 0.00011336070274894065
17.516966175999194, 5.5083483061589398, 0.00020082982355408501, -7.1211879785603249e-06
17.306176899730666, 8.7191253954986578, 0.00017363763584720359, 6.3608030591735923e-05
17.261136947367802, 2.6567604474936513, 1.5045463066120172e-05, 1.089738524547602e-05
17.744101424375181, 0.28859197017888483, 4.7501530970689394e-06, -3.2659526530958618e-05
17.630086238774918, 4.2963620708068131, 0.00012234710851300216, 8.0854384857427945e-05
16.816734675542865, 27.353028109559492, 4.6736517483067493e-05, -0.00049388602750847479
17.700009033029993, 5.7928493673359718, 0.00011240547259270734, 8.604041927531184e-05
17.582628708529626, 3.5995664378634471, -0.00012274925896595297, -6.3417262737492413e-05
18.182799457932877, 6.5285253522816555, -0.0001528789239070491, -9.3167512287217297e-05
16.958416784054208, 6.9006553711699326, -0.00015659840921405623, 1.8568514393417266e-06
17.194601734367684, 9.3806768564599334, -1.1094871609471641e-05, 4.2229318742863624e-05
17.286795065360199, 7.1530340391282756, 4.2528134174304259e-05, 8.7431674557340728e-05
18.216837971991961, 2.3762413217489153, 4.0776944856283488e-05, -7.3479879846663685e-05
17.532857085502403, 11.307419729905385, -8.7478643590658433e-05, 7.2897441501550437e-05
17.911570087132876, 5.8029626226423474, -2.4118093021373839e-05, -0.00018358768955680711
16.83947068843862, 9.4024694603866728, 5.3005261634953338e-05, -0.00022219167028853242
17.174309502797495, 2.3955130805195894, 3.4110676513189005e-05, 0.00012200297276673282
16.619824493525805, 10.443321472023049, 0.00019681083261055701, 0.00033663855317989327
17.086527953768567, 1.991620143984657, -1.5815479952502119e-05, -0.00011369619631700184
17.561450435197195, 8.9545433143681876, -6.7745298337174785e-05, -0.00020698531580064426
18.114026332376397, 0.74793889172620731, -1.3640046898539124e-05, -3.5601019194921152e-05
17.661908123525251, 7.7404712501869621, -9.9381735042152337e-05, -0.00013609913242258411
16.887866467891694, 15.834757421517754, 0.00022519180027370301, -0.00021360157922452612
17.732670803514733, 8.0531084068969285, -0.00016485502578501737, -2.9983945802493819e-06
17.862823075517944, 5.6163240305240505, -0.00016718302409649791, 2.9474994120437082e-05
17.588676965839653, 5.0894071643473708, -3.1619844444572138e-06, 3.6685791437340528e-05
17.438391267211081, 3.6143808483760851, 0.00018293108013918053, 9.4324310010842166e-05
17.531864196508405, 2.5282937584320955, 0.00018648450715845523, -7.9706309158253142e-05
16.850270618442121, 1.3460803647874047, -2.3689475844071716e-05, -0.00010914668470738366
17.199880030371091, 9.1711961650719065, -0.00018016882325266312, -7.5726293839729295e-05
17.207211577797352, 2.1724151966663352, 5.3355677546290754e-05, -0.00019109221485791813
17.442879764877116, 4.8306270103814004, 1.1423559408679409e-05, 3.783910377530557e-05
17.78308021603425, 4.3931320003946031, -0.00014241522418911534, -7.4525784838522076e-05
17.362286853931241, 12.027807253753823, -0.00011930056487848519, -0.00023575610830435989
17.57220905324376, 9.7244674169789178, 0.00019638808192746655, -0.00030633764263882844
18.009161735091052, 14.040497705054042, -2.3354188985774384e-05, -0.00020974310617013039
17.472872204382572, 3.8233227653954769, 0.00011230399825081282, 0.00030457277306092557
17.722867065521157, 6.5714327928853047, -3.0842474901859137e-05, 0.00019234518429238679
17.066080804431412, 14.025728289427096, 0.00020363642501745462, 0.00028870604742758601
16.846436138404147, 6.5607522068623423, -0.00018584246348559276, 6.1150648263463806e-05
17.952125897026203, 4.2476935966597411, 7.6352886900123035e-05, 0.00022353585940872926
18.126673548876685, 4.1360544178168759, -5.0308446563540541e-05, -9.2620985079461677e-05
16.58486662009372, 16.845653798083728, -0.00018136092523755461, -0.00068758150143031637
17.311886170260046, 4.1780104521732149, 0.00016507853823979034, -0.00012664609901898527
17.21448982421067, 0.58731357327816647, -0.00011646029666812514, -4.600455202452993e-05
17.659861740141807, 2.9358126130445044, 9.357271609672439e-05, 0.00014778180362201132
17.196996872124117, 28.282784557368991, -0.00031505560944138029, 0.00014943382125902078
17.777554938443572, 11.307707859793485, 0.00023710573461116648, -6.5621606361791006e-05
17.365889830813718, 11.444728928761515, -1.3795008005603116e-05, -0.00025657357470332422
17.937034065110108, 7.3553013875331343, -1.0337736879393893e-05, -4.2695119893275799e-05
16.876725238336135, 5.4287781765203729, -2.8816037725811756e-05, -0.00021237320909272376
16.734076203951528, 7.6125844159070297, -0.00011972421155978326, 0.00019701164882397724
17.677816740399994, 5.1683537974801865, 1.0935686981285051e-05, 6.2429799551982807e-06
17.452996801699907, 6.6037539989974698, 9.9667802406353621e-05, -9.060691285739828e-05
17.689624191197755, 3.9283469325704927, 0.00014417160702257759, 0.00012452768569934741
17.677638936921824, 1.7765956218952583, 0.00013580116265818698, -0.00024110914854320767
17.722721665332443, 5.5509933980361534, 0.00015771318458779925, -9.9620731309821983e-05
17.52100249843124, 10.923122477081893, 9.6868543752769639e-05, -0.00037853849582702992
18.083188757438727, 9.6694463828145309, 0.00017237404364153536, 0.00015057820175625307
17.5882120595811, 4.1169001841793644, -8.2413917613598264e-05, -8.7496903517169783e-06
17.524096342717474, 8.1145826473101046, 0.00011573573850563534, -4.7073106798078995e-05
17.20875280196298, 8.9376580506324057, 0.00016819572812516351, -0.00022342219199754636
17.763129847036449, 1.3233907848048752, 5.3314861505167306e-05, -9.9327025691684789e-05
17.552492777086545, 4.0923266549981907, -5.8730686635573644e-05, -4.1156491647407502e-05
18.498827659262172, 3.5031395734948574, 5.2699695962597961e-05, -8.310343429121274e-05
17.032496915827974, 2.2520421468841985, 8.1001542856882228e-05, 7.8470707950392034e-05
17.739672553430889, 8.3235354730247106, 0.00020319567854049455, -1.9304261508643364e-05
17.946377221548513, 6.6767200639831543, -0.0001851639303947239, 0.00014827282513250881
17.66985746092897, 2.2379811584089051, -2.1469971459369725e-05, 6.6174406175384932e-05
17.725322310984655, 10.50489276159073, 8.798631429624095e-06, -0.00025813213721250384
17.408109143407064, 3.8528057506971209, 1.2370617165947998e-05, 0.00010822168847208706
17.812833551722019, 4.655914556838864, 2.7719323666542846e-06, -7.7439571415849603e-06
18.005679640918945, 4.0251800738824342, -2.9284893997028573e-05, -1.4625961158591973e-05
17.821400760431764, 5.5139631725342522, -0.0002576239430441674, 5.5129370602911857e-05
17.442285425806926, 5.7352124024158506, 8.0423374063208548e-05, 6.1107352682640806e-05
17.413343863045895, 6.9284373443304519, -4.3580020023411577e-06, 0.00015869123905939628
17.87502688224486, 1.9701312379250333, -0.00014346628547413866, -9.4456982359599772e-05
17.190445800107341, 17.774398928108301, -0.00018996156343300939, 0.00033364337580996171
17.404080694459168, 2.3468995337814542, 5.8386525769235853e-05, -3.1375826969391501e-05
18.003975222802222, 6.5416148262411582, 3.3045793982909557e-05, 4.1560090901162074e-05
17.613063376675949, 3.2327436040930198, -7.370715035978306e-05, 7.6671531276309199e-05
17.119946729286635, 11.63100406119395, 7.6328804791011317e-05, 0.00046186348219091493
17.366919144794704, 8.1391530561499454, -3.3831266382580404e-05, 3.9991755542800541e-05
17.667099206822183, 12.141673975931209, -0.0001912805411293096, 0.00016108957931786224
17.248355206970746, 7.8748352710532101, 0.00021164120225195812, -0.00013624454596136473
17.76205734389956, 5.5354467990374587, -0.0001555002856531981, -0.00015653349073382894
