14.7164, 17.5986, 6.38147, 3.44879, 22.5079, 2.29073e-05, 3.13684, 3.80387e-05
14.8232, 17.7537, 6.151, 0.850287, 28.5471, 0.000202903, -5.11891, 6.28793e-05
15.0236, 17.8062, 5.14013, 2.05697, 30.4566, -0.000100107, -4.89651, -1.81604e-05
14.33, 17.1051, 6.15318, 5.64834, 16.8588, 9.33748e-05, -4.95392, -0.000118521
15.2822, 17.9447, 5.94058, 0.563204, 29.3476, -6.55582e-05, 3.89313, -3.93764e-05
14.8851, 17.6538, 5.77265, 0.620084, 29.1504, 3.69124e-05, 4.10732, -6.75454e-05
15.2413, 17.9639, 6.38443, 2.18173, 25.6483, 0.00019131, -5.04028, -0.000111535
14.7778, 17.6932, 5.789, 1.99381, 26.5216, -5.07529e-05, -5.84125, 1.20015e-05
14.6711, 17.4972, 6.39581, 0.885052, 28.1298, -7.24769e-05, 3.10054, -1.23712e-05
14.4905, 17.2975, 5.36914, 2.07807, 30.7552, -8.48412e-05, 6.45404, 4.90426e-05
15.1676, 17.885, 6.20139, 2.95341, 23.651, 0.000127525, -1.61353, 0.000124457
15.0679, 17.8597, 6.87047, 1.62487, 26.9053, -3.99218e-05, -7.9491, -6.25267e-05
15.0732, 17.7232, 6.63275, 3.17797, 23.2565, 0.000120605, -8.9516, -4.71268e-05
14.6171, 17.4476, 5.45861, 2.285, 30.6749, -0.000181147, -0.965533, 1.58787e-05
14.4595, 17.3618, 5.90342, 1.11039, 30.1954, -8.80129e-05, 4.72754, 5.31178e-05
14.722, 17.4721, 5.423, 0.618338, 30.0778, -3.40975e-05, 3.33554, 1.7223e-05
15.0905, 17.9106, 5.98026, 0.982569, 28.5239, 7.61567e-05, 5.92117, -5.81236e-05
14.5931, 17.4028, 6.4921, 2.15521, 26.0367, 6.37745e-05, 9.43691, -4.22281e-05
14.8262, 17.5824, 5.82051, 0.910676, 30.1378, -0.000119839, 2.20065, 2.94667e-05
14.762, 17.5133, 6.18558, 2.97425, 24.0356, 4.8284e-05, 2.60904, -0.000133377
14.9057, 17.6619, 6.23476, 2.01598, 26.092, -8.38681e-05, 0.66559, -6.27456e-05
14.7986, 17.6311, 5.31488, 1.35698, 30.5703, 6.65476e-05, 2.30559, -0.000107913
14.0073, 16.8834, 6.47617, 1.17241, 30.1649, -4.95588e-05, 3.58313, 0.000114561
14.9682, 17.7448, 6.95571, 3.50733, 21.9637, 1.34425e-05, 7.06639, 8.25459e-05
15.6429, 18.4321, 5.58156, 0.94412, 28.1661, 2.21778e-05, 0.944154, 1.43017e-05
15.0593, 17.7979, 5.07894, 3.36996, 29.6455, 6.94109e-05, -4.03939, 1.72078e-05
14.344, 17.046, 5.71437, 1.63508, 30.7179, -5.01183e-05, 4.48043, 0.000123117
15.0799, 17.7438, 6.38409, 3.72386, 21.5214, 8.29867e-05, -4.22054, -2.80282e-05
14.3615, 17.2449, 6.6089, 3.20746, 23.326, 1.43756e-05, 2.8844, -2.00686e-05
14.782, 17.6615, 5.22934, 1.44556, 30.4081, 9.59782e-05, 4.96847, 8.2623e-06
15.1359, 17.9479, 5.22832, 2.77514, 29.9833, 2.28538e-05, -8.03483, -4.64648e-05
15.3046, 18.0008, 5.82872, 1.54232, 29.4718, 9.51141e-05, 8.54385, 4.65214e-05
15.2131, 17.9735, 5.79239, 0.768249, 28.9242, -9.68075e-05, 4.77907, 5.19145e-05
14.7741, 17.6032, 6.6853, 1.71531, 26.7853, -5.95298e-05, 8.92696, -4.60988e-05
14.2645, 17.1608, 6.51902, 3.45175, 22.9692, 3.35288e-05, -9.64516, 8.74319e-05
15.5893, 18.3989, 5.36422, 1.55646, 29.3805, -2.35882e-06, 7.92455, 0.000129066
14.7319, 17.5214, 6.01, 2.45912, 25.3986, 5.2517e-05, 4.91578, 4.71171e-05
15.0046, 17.9127, 5.63488, 0.791332, 29.4851, 3.62924e-05, 4.99226, 0.000104119
15.0963, 17.7042, 7.21807, 3.67513, 38.3318, 2.38751e-05, 2.68048, 8.77938e-05
14.6793, 17.5263, 6.60596, 1.59358, 26.9344, 0.000152687, 5.97561, 0.000101631
15.3077, 17.9366, 5.33243, 2.33626, 30.0456, -2.16662e-05, 7.91768, 6.3872e-05
15.1901, 18.0249, 3.97471, 2.59425, 30.4816, 7.83134e-07, -0.794426, -3.2292e-05
13.963, 16.8307, 6.81096, 2.45253, 25.163, -3.55025e-05, 5.48115, -3.05428e-05
15.4954, 18.3331, 5.42261, 1.28171, 29.6694, -6.32998e-05, -5.6217, 7.59701e-06
14.6024, 17.393, 5.97049, 4.57616, 19.5981, 0.000141504, 1.22358, -0.000113177
14.2195, 17.0524, 6.19593, 3.54694, 22.9232, -8.3696e-05, 0.955119, -4.92046e-05
14.4425, 17.3016, 5.71743, 1.51143, 30.5809, 2.47126e-05, 2.17794, -8.16626e-06
14.874, 17.6284, 6.51113, 2.48349, 25.1886, 6.16312e-06, 9.97166, -0.0001001
14.5172, 17.3601, 5.21862, 2.38674, 30.8349, -0.000111261, -1.55004, 5.23059e-05
14.9047, 17.8239, 4.45695, 3.14439, 30.0773, -0.000146504, -0.0544878, 4.74818e-05
15.1396, 17.8558, 6.11316, 0.771931, 28.3896, -8.66452e-06, 0.0493344, -7.5426e-06
15.3068, 18.1376, 6.64185, 3.22883, 22.9261, 0.000145632, 9.78733, -2.83728e-05
15.3454, 18.2148, 5.66054, 1.61001, 27.1603, -2.22079e-05, 3.52285, 9.48986e-06
14.7088, 17.3898, 6.25125, 3.59863, 37.1707, 6.88768e-05, 8.32031, 0.000133398
14.759, 17.4553, 5.12749, 2.38621, 30.7328, -0.000231986, -1.56078, -0.000117129
14.9933, 17.6954, 6.30278, 1.20638, 29.4364, 3.7599e-05, 8.49523, 2.10725e-05
14.8012, 17.6153, 4.99898, 2.56472, 30.506, -8.6777e-05, -3.17733, 0.000161331
14.8761, 17.6249, 6.11652, 3.12648, 23.6774, 0.000162261, 1.60328, 0.000121266
15.0957, 17.8539, 6.28683, 0.985741, 28.5742, 6.172e-05, -6.89563, -0.000110086
15.2125, 18.0758, 5.58025, 1.71779, 29.8183, -0.000192706, 5.87095, 6.58388e-05
15.0454, 17.8137, 6.15446, 2.2352, 29.9722, -4.9151e-05, -7.10242, 3.31844e-05
13.9766, 16.9257, 6.04807, 4.65045, 20.1667, -8.51787e-06, -7.50693, 8.53167e-05
15.1472, 17.7815, 4.61191, 3.72784, 29.8713, -0.00017688, -9.45019, 1.81952e-05
15.1184, 17.9186, 5.73383, 0.754061, 28.517, 5.29316e-05, 0.277298, 1.42674e-05
14.8383, 17.6759, 5.54796, 1.30507, 30.1833, 0.00012511, 6.24905, 0.000231393
15.0431, 17.7291, 6.36398, 3.70278, 21.6376, 0.000135494, 1.04386, -7.71122e-05
14.5603, 17.4045, 4.98748, 2.29794, 30.9517, -0.000146728, 2.00191, 8.99835e-06
15.765, 18.4326, 4.86677, 0.512209, 29.2527, 8.71821e-05, -0.232053, 4.94035e-05
14.7174, 17.4445, 6.32854, 1.22689, 27.8505, 0.000124817, -8.29779, -9.10773e-05
14.3773, 17.297, 6.70345, 1.31678, 27.3584, 0.000155615, 2.62364, -2.07066e-06
15.0425, 17.8607, 5.67094, 2.96019, 23.9787, 0.000121079, 0.532647, 0.00012487
15.0286, 17.7612, 6.3713, 0.554293, 29.3244, 7.31109e-05, 3.6792, 0.000102798
15.1406, 17.9376, 5.56066, 1.2219, 29.8038, -2.49902e-05, 5.38342, -8.77242e-05
14.8469, 17.5892, 6.43715, 1.63703, 29.9123, -0.000168816, 5.60585, 4.86527e-05
15.138, 17.9285, 4.9566, 2.29849, 30.2848, 0.000149496, 3.42409, -8.0219e-05
15.3044, 17.9638, 5.38513, 3.28342, 23.1322, 0.000199587, 1.28385, 2.28972e-05
14.7332, 17.5329, 6.00149, 3.32307, 22.9865, 9.29393e-05, 0.0515329, 1.9026e-06
14.8258, 17.752, 6.33085, 1.07806, 27.7948, 6.65195e-05, -0.99358, -0.000171443
14.9358, 17.7096, 5.80449, 1.26869, 30.1406, 5.14289e-05, -2.63441, -0.000107346
14.3988, 17.179, 5.88561, 2.22603, 30.5892, -0.000207618, -5.61312, 0.000181142
14.9457, 17.7323, 6.13869, 1.70872, 27.0787, 1.9185e-05, 7.44976, 3.36261e-05
14.3964, 17.235, 7.01638, 0.830706, 28.7757, 1.05788e-05, 7.94637, -2.18671e-05
14.4885, 17.4055, 5.73749, 2.3657, 30.4539, -8.75408e-05, -9.03963, -1.4959e-05
15.3357, 18.0641, 6.21054, 2.22473, 25.935, -7.01499e-05, -9.66302, -3.95362e-05
14.1927, 17.0916, 5.79412, 0.996641, 30.0568, -7.38308e-06, -4.67402, -0.0001055
15.376, 18.0473, 5.9573, 3.02403, 23.5486, 0.000103834, 3.02039, -3.61565e-05
14.8363, 17.5685, 6.61758, 3.98112, 21.0319, 0.000108108, -9.0357, -7.61386e-05
14.849, 17.6324, 6.5342, 2.79977, 24.2319, -9.09192e-05, -8.54743, -0.000223365
15.5682, 18.213, 5.2614, 3.92431, 32.519, -5.75829e-05, -3.28729, -7.15482e-05
14.9337, 17.8019, 6.65787, 3.49323, 22.2405, 0.000109771, -8.68772, 2.01365e-05
14.9626, 17.796, 6.06163, 1.37017, 29.227, -0.000128101, 9.45112, 7.57906e-05
15.5481, 18.2931, 6.52986, 2.84349, 23.8143, 6.44771e-05, -6.53668, -0.000116473
14.9656, 17.775, 5.03206, 1.88425, 30.4674, 7.90574e-05, -1.6977, -1.75702e-05
14.849, 17.6675, 7.203, 2.46911, 24.9689, -5.82399e-05, -9.41099, -9.67417e-05
15.1278, 17.9081, 5.06148, 1.42719, 30.4196, -9.55901e-06, 1.87741, -4.28123e-05
14.648, 17.4337, 5.99612, 4.1535, 20.877, 0.000225897, -1.35418, 7.20109e-07
15.2852, 18.0452, 5.93332, 0.968605, 28.0629, 2.23006e-05, -1.58597, -7.65282e-05
14.5326, 17.4312, 6.31191, 2.31074, 25.5129, 0.00017124, -1.738, 9.95198e-05
15.0824, 17.9081, 4.86044, 2.47348, 30.2632, -1.93988e-07, -1.63847, 0.000255249
14.8765, 17.6344, 5.07496, 2.9586, 30.2697, 4.34959e-07, -0.0690575, -8.56209e-05
14.4259, 17.2861, 5.40729, 0.739129, 30.262, -6.24397e-05, 2.32848, 0.000177732
14.688, 17.4344, 4.74902, 3.34516, 31.9524, -8.72392e-05, 2.68639, -2.95578e-05
14.5053, 17.3749, 5.03532, 2.98084, 30.5791, 3.3381e-05, 5.56116, 0.000176286
15.5428, 18.3316, 3.48275, 2.6318, 30.1483, 1.14522e-05, -1.41423, -4.61296e-05
15.0534, 17.8133, 4.8762, 2.06401, 30.4514, -0.000106977, 4.38618, 0.00021101
14.4587, 17.353, 6.42893, 4.09587, 20.939, 8.93235e-05, -0.155747, -6.3324e-05
15.0691, 17.945, 5.5426, 1.72309, 26.9392, 6.66779e-05, 3.01959, -6.91731e-05
14.8675, 17.7462, 5.47592, 1.76841, 30.4235, 4.4828e-05, 2.94603, 6.91008e-05
14.6472, 17.4878, 6.19809, 3.08745, 23.7505, 0.000153741, -3.59779, 5.70806e-06
14.3674, 17.1556, 5.28327, 3.12088, 31.6688, 0.000122847, 5.62061, -1.22881e-05
14.8189, 17.6521, 4.14018, 2.85652, 30.7548, -0.00017528, -3.55752, 8.17349e-05
15.0001, 17.8321, 6.09549, 2.65041, 24.6822, -1.76944e-06, 4.9644, 1.92685e-05
14.8138, 17.6197, 6.4699, 3.87774, 21.239, 0.000324365, 7.08318, -0.000119632
15.2424, 18.0239, 4.00137, 3.33899, 29.8473, -0.000257556, 2.18562, 1.39118e-05
15.1435, 18.0225, 4.5555, 1.97249, 30.4696, -1.99755e-05, -1.24497, -1.03661e-05
15.3579, 18.072, 5.68851, 1.53916, 29.8575, -0.000129785, -4.71749, 1.0238e-05
14.1698, 17.0575, 6.75539, 3.77444, 22.0268, 7.67753e-05, -4.63678, -9.33166e-05
14.6579, 17.495, 6.35371, 4.47155, 19.7927, 0.000407384, 6.75367, -0.00013793
14.9668, 17.6835, 5.12664, 1.65619, 30.5308, -1.45016e-05, 1.00349, 1.9213e-05
14.5844, 17.3708, 5.2913, 2.69394, 30.7407, -0.00020238, -2.88875, 7.04452e-06
15.0188, 17.7065, 5.25754, 2.32993, 30.289, 3.60857e-05, 1.77813, 1.04972e-05
15.0363, 17.7881, 6.0397, 1.03288, 29.5163, -2.93002e-06, -6.00527, 1.74227e-05
13.958, 16.7896, 6.60559, 4.52275, 20.4414, 0.000131422, 7.19945, 3.95375e-05
14.4931, 17.3613, 6.22251, 4.53013, 19.8015, 0.000148054, 9.05672, 3.79189e-05
14.8914, 17.75, 6.27547, 0.96141, 28.6237, -4.54244e-05, 7.08616, -6.6872e-05
14.6798, 17.489, 5.93518, 1.45061, 30.1095, -9.99375e-05, 5.38863, -5.78095e-05
15.3538, 18.1492, 4.96867, 2.41594, 29.9315, 0.000165847, -4.49579, 0.000121358
14.3892, 17.0586, 6.11046, 3.08673, 31.955, -0.000127741, 7.23387, 1.49337e-05
14.9203, 17.8232, 5.53243, 0.833983, 28.9898, -0.000104797, 5.02398, 1.11018e-05
14.3764, 17.2236, 6.39545, 1.03214, 29.3738, 0.000198718, -9.51339, 3.25343e-05
15.7116, 18.481, 4.91645, 1.66195, 29.8979, -1.25457e-05, -1.35542, -0.000116189
15.037, 17.7655, 6.19805, 0.887985, 29.3445, 0.000130631, -6.26573, -4.94212e-05
14.7326, 17.4707, 5.89069, 1.05137, 30.1634, 7.99167e-06, -1.09829, -8.35707e-05
14.5792, 17.3527, 6.79562, 3.15059, 23.4378, 1.73467e-06, 6.62466, 0.000111844
15.4534, 18.1907, 4.05714, 2.86588, 30.0017, -0.000172759, -3.12376, 4.25445e-05
14.2294, 17.0925, 5.90952, 1.2366, 30.0157, -6.00458e-05, -9.39525, 8.072e-05
15.0265, 17.8127, 5.30213, 2.80635, 24.6321, -0.000198113, -1.6805, 4.09783e-05
14.2652, 17.0551, 6.4843, 1.1956, 29.6773, -7.93229e-06, 9.85237, 1.07485e-05
14.5015, 17.2703, 6.00065, 1.54253, 30.413, 2.01693e-05, 5.56988, -7.73492e-05
15.1019, 17.9594, 6.09973, 1.19479, 29.3639, -0.000166558, -7.61413, -6.13297e-05
15.0725, 17.8625, 4.69509, 2.98248, 30.0717, -2.86201e-05, 6.75887, 4.28989e-05
14.6694, 17.4959, 5.81239, 4.3881, 20.1597, 0.000197864, 0.235058, 9.73833e-05
14.7718, 17.6513, 4.7124, 3.68333, 29.5782, 0.000106416, -9.34947, -1.10209e-05
14.6359, 17.4469, 6.53933, 4.71907, 18.8631, 0.000243297, -4.3157, 0.000142156
14.7401, 17.6379, 5.55324, 1.01576, 29.7639, -4.07699e-05, -7.31847, -8.51299e-05
14.6361, 17.5076, 5.79349, 1.26216, 29.8084, 7.97255e-05, 8.45689, -5.2051e-05
15.2153, 17.9546, 5.67089, 1.41357, 29.723, -7.68871e-06, -6.90739, -0.000144236
14.8029, 17.6658, 6.79767, 4.18949, 20.2464, 1.18866e-06, -8.41613, -0.000128764
14.8626, 17.6252, 6.00496, 0.412223, 28.8344, 7.69486e-05, -1.42699, 1.51978e-05
14.9009, 17.7003, 6.11779, 0.730462, 29.7717, 5.44505e-05, 0.798129, 6.73616e-05
15.0942, 17.9151, 5.8051, 1.22649, 29.0248, -5.19501e-05, 8.6308, 9.36863e-05
14.6586, 17.525, 6.64999, 2.26398, 25.452, -4.87342e-05, 7.85334, -7.00173e-05
14.6245, 17.3234, 4.85277, 3.05032, 30.2371, -0.000137758, -0.541052, 4.5298e-05
14.3479, 17.25, 5.28866, 2.71069, 30.9006, -1.62045e-05, 5.35948, 0.000123042
14.8891, 17.6734, 6.02057, 1.03396, 28.1855, -8.98812e-06, -3.70213, -7.02922e-05
14.4544, 17.1723, 5.90023, 0.360414, 29.377, 5.68125e-06, 3.46479, 5.11868e-05
14.4025, 17.0819, 6.16387, 1.56979, 30.3047, -0.000308059, -4.98764, 0.000123165
14.958, 17.5654, 6.58361, 1.12019, 28.3125, 1.30794e-05, 9.20199, 5.17545e-06
15.2015, 17.8815, 4.6089, 3.04169, 30.1693, -5.03348e-06, -2.34804, 1.0279e-05
14.9829, 17.8352, 6.42052, 2.00472, 26.0337, 7.96546e-05, 3.61383, 9.23185e-05
14.9868, 17.6895, 7.05073, 2.89433, 23.6057, -2.32163e-05, 6.08091, 7.26804e-05
14.759, 17.4994, 5.13983, 2.6041, 30.5328, -0.000142934, 3.50052, 0.000137396
14.8531, 17.7191, 6.6435, 1.56881, 29.4738, 3.02457e-06, -8.37575, 4.50775e-05
15.1656, 18.0099, 4.47344, 2.83169, 29.9724, -0.000145991, -1.89971, 6.96697e-05
14.4275, 17.2547, 5.2045, 3.13257, 30.719, -0.000158787, 3.83986, -5.06525e-05
14.7979, 17.5464, 6.42697, 2.41914, 25.2259, -5.03312e-06, 0.208773, -2.35338e-06
14.1263, 16.9985, 6.55538, 0.898979, 29.8102, -0.000222588, 3.96329, 2.49441e-05
15.1211, 17.8281, 4.81426, 3.69422, 29.8559, -0.000109054, -8.47238, -7.51623e-05
14.1781, 16.9731, 5.70553, 4.16254, 21.6529, 0.000189416, 2.99227, 2.38703e-05
15.0471, 17.8108, 4.943, 3.04685, 30.0268, -0.000103889, 8.28049, -5.95263e-05
14.7673, 17.6613, 6.27312, 3.17086, 23.3327, -7.45363e-05, 4.32853, 0.000223839
14.9574, 17.7066, 5.01713, 3.29688, 30.0801, 1.89769e-05, -8.64316, -0.000141216
14.2841, 16.9937, 6.17834, 1.25787, 30.2083, -2.67903e-05, -5.98958, 0.000133404
14.6684, 17.5322, 6.10176, 1.2119, 27.7841, 9.49747e-05, -3.02601, -0.000137004
14.8256, 17.7116, 5.9895, 1.06109, 28.523, 1.61849e-05, 6.88134, 1.6319e-05
13.9006, 16.8145, 6.51746, 2.12177, 30.6075, -1.8635e-05, -4.64924, -1.56439e-06
13.9592, 16.8705, 6.54819, 1.69225, 26.7261, -0.000177001, 0.267861, -0.000336753
14.7484, 17.4415, 6.2676, 0.733452, 29.1066, 1.86915e-05, -6.46937, 4.47407e-05
15.1534, 17.96, 5.95493, 1.14078, 27.8303, 2.69079e-05, 0.611197, 9.91121e-05
15.0387, 17.7769, 6.24679, 2.51648, 24.9728, 4.51192e-05, -3.44215, 6.38151e-05
15.1508, 17.9287, 6.4115, 3.33565, 22.4279, 4.16122e-05, 3.33158, -9.43468e-05
15.0585, 17.772, 6.34641, 1.50708, 27.3875, 0.000113948, -7.67898, -0.000120508
14.5489, 17.3554, 5.21024, 1.49378, 30.655, -7.36422e-05, -4.42717, -9.67017e-05
14.7449, 17.6074, 4.14577, 3.01951, 30.6215, -5.46191e-06, -2.97948, -7.27273e-05
15.0133, 17.7998, 6.60075, 0.948011, 27.8455, -5.87124e-05, -1.22944, 1.36956e-05
14.7404, 17.5872, 5.13584, 2.16383, 30.6033, -8.08469e-05, 1.39846, -6.96044e-05
15.1724, 17.9448, 4.60485, 2.72588, 30.3025, -3.1147e-05, 7.57893, 8.12893e-06
15.0543, 17.8928, 6.21373, 3.22056, 23.1994, 0.000127474, -7.35194, -5.64492e-05
14.516, 17.364, 6.42989, 3.57666, 22.3826, 0.000135689, -1.82089, 2.44456e-05
14.6295, 17.3219, 5.76957, 1.58588, 30.4754, -1.20633e-05, 0.70905, -6.33087e-06
14.6432, 17.4582, 6.19651, 0.442363, 28.9355, -0.000188514, 3.13865, -6.3435e-05
14.6816, 17.537, 5.8782, 1.42748, 30.1948, -7.58136e-05, -3.22353, 4.7398e-05
14.9781, 17.8096, 5.74411, 0.557397, 29.7162, -8.90805e-05, -2.84826, -2.28349e-05
14.9526, 17.8621, 6.2336, 3.58563, 21.9699, 0.000145941, -8.15149, 0.000132199
14.8738, 17.6408, 6.37284, 2.09504, 25.9241, -2.74264e-05, 5.33855, 0.000165855
15.2456, 18.0469, 6.56786, 1.39836, 27.0494, 6.50438e-05, 1.5165, 6.74246e-05
14.7636, 17.5784, 6.55406, 2.64367, 24.7018, 8.19273e-05, -6.82974, -9.7241e-06
14.7905, 17.6462, 7.17062, 1.16692, 28.1432, 0.000127714, 9.71852, 3.98545e-05
15.0713, 17.9084, 5.18023, 1.50555, 30.3252, 1.43961e-05, -3.91835, -3.86406e-05
14.6955, 17.4723, 4.676, 3.22414, 30.0823, 0.000116486, 0.115333, -1.56369e-05
14.9434, 17.838, 3.98318, 3.26251, 30.2577, -0.000256442, 1.64903, -0.00010859
14.8869, 17.6042, 6.26478, 1.51233, 27.4746, -0.000135652, 9.90798, 6.76079e-05
14.4253, 17.2238, 6.11417, 1.16766, 30.2206, -1.24297e-05, -1.6915, 0.00013356
14.6007, 17.3986, 6.7427, 2.82769, 24.1122, 0.000149754, 3.04652, 1.36927e-05
15.4893, 18.296, 4.76079, 1.39131, 30.1161, 7.493e-05, -2.25052, -9.39681e-06
14.4442, 17.312, 6.01889, 1.25693, 27.936, -5.48108e-05, 7.89661, 2.90823e-05
14.8658, 17.7211, 5.97484, 1.82417, 29.924, -3.65207e-05, -5.1354, -1.44902e-05
13.8768, 16.7114, 6.40057, 1.91688, 30.7371, -0.000151012, -0.350782, 4.13456e-05
14.7112, 17.5869, 5.94317, 0.695005, 28.5035, -8.24464e-05, 0.257822, 1.87959e-05
14.7103, 17.4922, 5.7295, 2.95046, 30.2424, 0.000108709, 7.13381, 2.05946e-05
14.6483, 17.4955, 6.09632, 1.55773, 29.9066, -9.82646e-05, 8.53077, 1.73964e-05
15.2706, 18.0345, 5.46156, 0.5617, 29.3259, 9.40314e-05, -3.4159, -1.99529e-05
15.0061, 17.7716, 5.83986, 0.45685, 29.7055, -1.37768e-05, -1.22052, -9.13063e-05
14.7489, 17.5755, 6.22122, 0.375901, 29.5348, 5.61072e-05, -1.08942, -6.74842e-05
15.2248, 18.0194, 5.44824, 0.998249, 30.0637, 0.000103253, -1.2331, -3.98356e-05
14.7899, 17.6317, 5.29677, 0.673102, 30.158, 4.00805e-05, -3.11177, 0.00014468
15.0459, 17.8061, 6.85458, 2.22203, 25.4887, 5.95428e-05, 8.89246, -0.000121093
14.8373, 17.5389, 5.7373, 3.66716, 34.6187, -7.18208e-05, 7.43385, 0.000184723
15.0435, 17.8771, 6.31226, 3.39401, 22.7422, 8.54082e-05, 9.19506, -7.2566e-05
14.4131, 17.0944, 6.15209, 3.0969, 34.7444, -6.57412e-05, -0.324157, 0.000135661
15.4892, 18.2763, 5.55854, 1.42941, 28.8911, 2.26223e-05, 8.30783, -3.79461e-05
14.5495, 17.4041, 5.76271, 2.37856, 30.537, -9.99816e-05, -5.66524, 2.70641e-05
15.0356, 17.8428, 6.27221, 0.999908, 28.421, 0.000183453, 6.15529, 1.71891e-05
15.2355, 18.1673, 5.53916, 1.76342, 29.5382, -8.16066e-05, 8.44743, -1.0776e-05
15.1873, 17.8822, 6.48103, 1.28225, 27.8041, 3.93035e-05, 7.43096, 4.54576e-06
14.8199, 17.4915, 5.13194, 1.75171, 30.7446, -8.78858e-05, -4.61435, 0.000124884
14.4839, 17.3441, 5.74517, 0.951677, 28.4179, 0.000141962, 2.26322, -8.88523e-05
14.2685, 17.1023, 7.06832, 3.06502, 23.595, 7.28193e-05, 0.0381961, 8.16815e-05
14.9733, 17.6492, 6.19565, 1.49312, 27.4482, 0.000116345, 6.30978, -4.89078e-06
14.8399, 17.6911, 5.18839, 2.57382, 30.3342, -0.000109799, -4.34138, 2.81378e-05
15.1135, 17.9739, 5.61782, 1.2516, 29.681, 7.29877e-05, -7.50477, 0.000155798
14.4845, 17.1577, 6.33124, 2.0509, 26.2294, -4.63687e-05, 0.611761, 2.15256e-06
14.7101, 17.4923, 5.66583, 1.66974, 30.4464, 5.13094e-05, 3.23748, -8.29173e-05
15.113, 17.8912, 6.01973, 1.06611, 28.4167, 0.000101376, 6.75741, 5.34518e-06
14.5123, 17.4225, 6.6468, 1.89413, 26.1986, 0.000391769, 0.767264, 0.00012111
14.209, 17.0222, 5.61911, 5.57469, 17.4603, 0.0002434, -0.709832, 0.000110339
13.7293, 16.6282, 6.29459, 1.2608, 30.384, -0.000296899, 3.32929, -0.00035352
14.9541, 17.857, 6.48384, 2.96014, 23.6805, 0.000134046, -6.78051, 1.44829e-05
14.7136, 17.5291, 5.88612, 1.31734, 27.8741, 2.26266e-06, -7.71309, -0.000200475
15.0065, 17.7907, 4.78435, 3.17531, 30.1872, -9.19638e-05, 7.20825, -6.10692e-05
15.0791, 17.9606, 4.60299, 3.63556, 29.5142, -9.47958e-05, 5.70844, 9.93647e-06
14.8917, 17.6477, 6.6403, 3.15221, 23.5087, 0.000328573, 9.14388, 8.2917e-05
14.628, 17.491, 5.02582, 2.53549, 30.5956, -0.000112058, -3.4867, -6.43137e-05
14.8611, 17.7231, 6.17367, 3.64201, 21.9117, 0.000280955, -0.148158, 8.91811e-06
14.8303, 17.6547, 5.91252, 0.950738, 29.6456, 1.75081e-05, 6.53585, 0.000107095
14.6675, 17.5579, 5.83223, 0.883381, 30.0213, 1.18671e-05, 1.16826, 6.77173e-05
14.9631, 17.8094, 6.18232, 1.79673, 29.6298, -5.21304e-05, -9.5771, 7.29935e-05
14.9133, 17.6879, 6.34414, 3.17672, 23.0941, 0.000207035, 4.98591, 1.76597e-05
15.0177, 17.7584, 6.01573, 3.14248, 23.4332, 8.61055e-06, -4.51851, -0.000256625
15.5911, 18.3647, 5.94189, 0.310415, 29.0079, 1.09793e-05, -1.59042, 9.2927e-05
14.3394, 17.1453, 7.10431, 3.06018, 23.49, 0.000203679, -5.33388, 2.07501e-05
14.7799, 17.5003, 5.09778, 2.45622, 30.6963, -2.54366e-05, -9.05538, -7.49966e-05
15.195, 17.955, 6.05095, 1.83984, 29.7603, -4.9942e-05, 6.24922, -6.38144e-05
14.8269, 17.6425, 4.86194, 2.17863, 30.6168, -6.67227e-05, -6.26215, -6.92726e-05
14.673, 17.5428, 6.80263, 3.91147, 21.2359, 0.000165853, 9.17065, 6.06698e-05
15.0566, 17.9045, 5.84919, 2.6373, 24.7552, 8.31209e-05, 1.51378, -0.000124485
15.4239, 18.1636, 3.73933, 3.71938, 29.1369, -0.000270869, -2.52075, -3.15536e-05
14.9509, 17.6812, 6.20813, 1.32869, 27.4418, 6.88018e-05, -1.02135, -4.54187e-06
15.2267, 18.0529, 6.54952, 2.60317, 24.7683, -2.24615e-05, -9.3571, 3.86877e-05
15.2029, 17.9278, 6.01314, 2.92951, 23.8946, 0.000174345, -6.09082, -3.76935e-05
14.7507, 17.5556, 5.88095, 4.36718, 20.1286, 8.50302e-05, 5.12243, 0.000117511
15.3411, 18.0609, 5.41324, 0.86229, 29.1103, 1.68407e-05, 5.30084, -6.7446e-05
15.0325, 17.8776, 6.05799, 2.24101, 25.625, 5.69303e-06, 3.29079, 2.75365e-05
14.9295, 17.7261, 6.54788, 2.54574, 24.7811, 1.22136e-05, -4.2944, 7.06936e-05
15.0504, 17.8869, 5.54698, 1.01652, 30.0752, 1.0681e-05, -2.84435, -3.79286e-05
14.8817, 17.6652, 5.97947, 0.057727, 29.4128, 0.000192752, -0.398079, 0.000163473
14.912, 17.7536, 5.80644, 0.891887, 29.6653, -2.30113e-07, 4.11817, -8.66319e-05
15.2802, 18.0146, 6.67541, 2.49305, 24.6953, -6.68227e-05, 7.61077, 3.02379e-05
14.6483, 17.5264, 5.99844, 0.419686, 29.4002, -7.50236e-05, -3.37604, 3.95073e-05
15.4128, 18.0891, 6.46599, 2.8143, 23.7882, -7.71985e-05, -0.562576, -6.81372e-05
14.9663, 17.75, 5.55195, 0.584585, 29.8229, -0.000136321, -3.3204, -5.08927e-06
14.911, 17.8178, 5.60709, 3.026, 24.1677, 3.61886e-05, 7.82556, 7.04808e-05
14.5264, 17.4523, 5.8643, 1.67214, 30.3367, -4.90753e-07, 3.71613, -0.000150808
14.3709, 17.302, 5.04893, 2.92641, 30.7027, 0.000179407, -5.09405, -3.54961e-05
15.2259, 17.9262, 6.13402, 1.17198, 27.6905, -4.03069e-05, -2.00468, 4.25307e-06
15.1081, 17.9385, 4.99786, 1.96536, 30.2994, -4.3134e-05, -4.28131, -2.65933e-05
15.059, 17.8126, 5.41498, 2.34369, 30.1851, -0.000162291, -4.21959, -5.25352e-05
14.7798, 17.5594, 6.11749, 1.00425, 28.9538, 0.000149529, -8.46261, -4.8555e-05
14.9254, 17.7085, 6.2461, 1.81635, 26.4982, 7.48269e-05, -5.48367, -7.48696e-05
14.366, 17.3554, 6.45381, 3.22531, 23.4352, 0.000103589, -2.52526, -5.19753e-05
14.7053, 17.4912, 6.19907, 1.12301, 27.891, -5.87747e-05, 3.74984, -0.000116096
14.7271, 17.5984, 5.76948, 0.536706, 29.5655, 2.25426e-05, -4.61703, -7.20388e-05
14.5056, 17.1471, 5.36729, 3.07831, 32.8806, -2.48862e-05, 0.905432, -0.000200617
13.9133, 16.741, 6.01371, 1.97661, 30.6637, 5.11107e-05, -0.977208, 0.000128958
15.3513, 18.1776, 4.86089, 2.39695, 30.0608, -6.20741e-06, -6.88764, -2.51324e-06
14.605, 17.4223, 6.93204, 2.39338, 25.0719, 5.988e-05, -3.4219, -3.00677e-05
14.789, 17.6254, 6.60814, 1.29907, 27.9086, 0.000277752, 9.54979, 6.34524e-05
15.0249, 17.6998, 5.132, 3.49805, 29.9497, -2.18395e-05, -8.41821, -6.71815e-05
14.9438, 17.6715, 6.64327, 1.63296, 26.9399, 7.07234e-05, -8.99497, -3.44857e-05
14.9303, 17.667, 5.8118, 2.00949, 30.0208, -9.70816e-05, 6.42292, 0.000125937
14.2281, 17.0802, 6.79714, 0.608397, 29.3073, -0.000227971, 4.82998, 0.000203876
14.6832, 17.4443, 6.50045, 2.52753, 24.9831, 0.000205535, -6.94557, 0.000128117
14.1479, 16.9833, 7.19804, 2.84463, 24.1431, 3.12657e-05, 7.02511, 9.40668e-05
14.7089, 17.5698, 4.24924, 0.994463, 31.0087, -3.61755e-05, -0.566883, -4.49144e-05
15.1266, 17.9421, 5.82575, 0.172738, 29.41, -2.32579e-05, 1.12059, -8.67517e-05
15.1575, 17.8794, 5.89569, 1.77812, 26.6994, 0.000108113, 4.92884, 3.2699e-05
15.2278, 17.8887, 4.11045, 3.82718, 30.9499, -0.000150639, -5.57145, 3.55331e-05
15.1802, 17.8685, 5.58887, 0.857897, 29.7041, 4.51347e-05, -4.65717, 3.92944e-05
14.9671, 17.8027, 6.15893, 0.50348, 28.6103, 4.46248e-05, 0.935786, 3.60231e-05
15.0321, 17.8406, 6.45518, 2.81315, 24.2162, 0.000112755, 6.44716, 2.88816e-05
14.0357, 16.8654, 6.73228, 4.90215, 19.2325, 0.000104774, -9.77913, 4.72845e-07
14.2158, 17.1207, 5.08151, 2.74577, 30.701, -0.000129585, 2.88899, 4.92293e-05
14.7689, 17.7207, 6.15679, 1.86977, 26.4497, 4.89468e-05, -2.45816, -3.34588e-05
15.2453, 17.9015, 6.14915, 2.87821, 24.0555, 0.000257851, -4.96133, -4.62984e-05
14.8517, 17.7504, 6.35054, 1.73865, 26.6175, 9.01532e-06, -4.99986, 0.000226186
14.9003, 17.7418, 6.1705, 3.00527, 23.6691, -0.000108169, 5.3041, -4.67155e-05
15.252, 18.1154, 5.59242, 0.310895, 29.262, -9.47342e-05, -1.52111, -1.27672e-05
15.0452, 17.7706, 6.16611, 1.5963, 29.5763, -5.93789e-05, 9.43816, -0.0001223
15.0197, 17.8875, 5.62807, 0.531618, 28.8479, 4.23121e-05, 0.776452, 4.80635e-05
15.0893, 17.9049, 5.27004, 3.10414, 29.8309, -6.52486e-05, 8.41697, -3.14554e-06
15.2746, 17.9807, 4.81317, 3.22701, 29.7832, -0.000113462, -5.61597, -2.84754e-05
14.8049, 17.6066, 5.9135, 0.141559, 29.3792, 4.38307e-05, -1.11681, 0.000178802
14.9267, 17.6208, 6.82618, 2.23013, 25.5082, -3.35104e-05, -8.80807, -7.06702e-05
15.2966, 18.0288, 6.47245, 3.49416, 22.0123, 9.67517e-05, 5.65095, 0.000198298
15.1535, 17.9827, 6.26907, 1.30807, 27.9, -2.03175e-05, 7.64912, 1.78222e-06
14.7214, 17.4741, 6.49791, 2.81053, 24.417, 0.000147252, 8.83851, 2.72721e-05
15.2193, 17.9556, 6.51747, 2.22749, 25.375, 0.000111249, -2.99485, -6.26184e-05
15.3496, 18.0818, 4.88573, 2.89444, 29.9597, 3.78106e-05, 5.74011, 8.56375e-06
15.0909, 17.8, 5.87378, 2.32878, 25.6306, -8.36468e-05, 2.70479, 0.000173438
14.7831, 17.6508, 6.45643, 1.28254, 27.6594, 9.45861e-05, 5.64095, 5.07082e-05
14.8719, 17.6527, 5.55748, 3.12481, 30.0229, -2.22965e-05, 9.5898, -7.80202e-05
15.0426, 17.9148, 5.09964, 2.41855, 30.096, 1.30618e-05, 6.99785, 1.54533e-05
14.7947, 17.5628, 6.54196, 3.19496, 23.3057, 1.33276e-05, -7.53436, 4.44096e-06
14.1211, 17.0261, 7.02287, 1.74218, 26.4918, 8.72616e-05, 0.0536791, 1.41504e-05
15.1172, 17.9195, 5.20977, 2.25509, 30.2303, 0.00013683, 3.09213, -0.000201779
14.9013, 17.6904, 4.54148, 3.59329, 30.2817, -0.000167874, -4.9804, 6.23875e-06
15.0399, 17.8454, 4.88725, 2.69232, 30.0843, 1.01726e-05, 1.38089, -0.000114388
15.1349, 17.9151, 6.06729, 1.1744, 29.1815, 9.86988e-05, 7.64418, 2.19956e-05
14.5115, 17.3639, 6.19671, 1.84451, 26.7862, -4.82767e-05, 7.94158, -5.68363e-05
14.7404, 17.6046, 4.80998, 1.35528, 30.6736, -9.76311e-06, -3.96086, -6.18565e-05
15.4062, 18.1414, 5.73264, 2.69563, 24.4921, -6.19981e-05, -3.42719, -4.37669e-05
15.1453, 17.8936, 5.32129, 1.51772, 30.1689, -0.000165719, 6.88999, -1.58381e-05
14.9385, 17.7043, 5.02561, 3.1853, 30.0586, 5.4883e-05, 4.99414, 0.00015059
14.6152, 17.5179, 6.16153, 0.83929, 28.2901, 5.56652e-05, -2.68892, -2.79378e-05
14.6294, 17.4709, 4.58879, 3.16245, 30.2368, -0.00010524, 3.54167, 0.000138233
14.9778, 17.9127, 5.23389, 2.03634, 30.1967, 6.41311e-06, 5.02164, -7.91047e-05
14.8674, 17.6883, 6.25324, 1.87337, 26.598, 4.95468e-05, 5.39548, 0.000121709
14.9496, 17.7254, 6.15077, 1.1615, 28.1895, 0.000103881, -7.6187, 1.44894e-05
15.1924, 17.9851, 4.88332, 1.5282, 30.4903, -0.000130486, -3.08812, -2.27941e-05
15.2452, 18.0099, 4.47036, 3.6821, 29.4785, -0.000186818, 5.7503, 7.31194e-05
14.5306, 17.3427, 6.34061, 1.09394, 27.9544, 4.65865e-05, -1.77831, 2.50254e-05
15.1936, 17.9851, 6.22469, 2.15225, 25.7011, 0.000165526, 0.426208, 4.18547e-05
15.293, 18.1424, 5.3063, 1.31233, 29.8326, 7.77495e-05, -6.09397, 5.71901e-05
14.9444, 17.8472, 5.13959, 2.33443, 30.1731, -2.7838e-05, 5.82187, 6.5715e-05
14.232, 17.075, 5.94112, 4.74198, 19.6812, 2.79529e-05, 3.59936, 4.34132e-05
14.9283, 17.8539, 6.73422, 1.76219, 26.5615, -5.36417e-06, 4.43972, 0.000167355
15.3452, 18.1333, 5.59399, 0.49229, 29.7307, -9.59804e-06, -0.432372, -0.000179202
14.6129, 17.4333, 6.44721, 3.17886, 23.4483, 3.89405e-05, -3.98714, 0.00011056
14.5736, 17.3471, 6.39796, 4.34829, 20.2152, -6.09327e-06, 6.94015, 8.96744e-05
14.6828, 17.4966, 5.19633, 2.26808, 30.6539, 1.82497e-05, 4.39223, -0.000153898
15.3131, 18.0815, 6.41403, 2.49485, 24.7218, 0.000169488, -0.606803, 4.80634e-05
15.2508, 18.0006, 4.86729, 3.11349, 29.9014, -0.000250014, -8.01638, 9.60115e-06
14.5069, 17.425, 5.38375, 2.8897, 30.5072, 4.93066e-05, -6.72281, -7.86154e-05
14.2521, 17.1029, 7.17609, 0.9557, 28.3609, -0.000118993, 9.69797, 4.0674e-07
14.7997, 17.6315, 6.22083, 4.32352, 19.9948, 1.69224e-05, -4.59435, -5.06324e-05
14.9656, 17.9174, 6.41431, 2.57377, 24.5744, 2.44501e-05, 2.94718, -2.98748e-05
14.426, 17.2789, 6.66344, 5.12488, 17.7462, 0.000195781, -1.16285, 2.31842e-05
14.7857, 17.6833, 5.80744, 1.9979, 30.1602, -2.88683e-05, -7.09544, 1.20474e-06
14.6595, 17.5335, 6.06365, 4.3351, 20.2446, 0.000129676, -7.27883, -0.0001238
14.8693, 17.622, 6.00529, 0.60778, 29.8119, 5.46409e-05, 2.49278, 9.93823e-05
14.4312, 17.41, 5.27683, 2.51928, 30.7002, -0.000111548, 1.69143, -0.000126941
14.4173, 17.2018, 5.10227, 2.89141, 30.5018, -8.24744e-05, 3.80136, 2.94503e-05
15.045, 17.8231, 5.51498, 1.77384, 30.1593, -0.000104983, 5.33441, -8.65611e-06
14.7114, 17.5262, 6.15272, 1.19502, 27.9573, -4.15793e-05, -6.52717, -0.000285994
15.1124, 17.8831, 5.98756, 2.13799, 29.8378, 6.05567e-06, -8.24909, -0.00018092
14.7281, 17.461, 6.28874, 1.00984, 28.145, 7.68465e-05, -5.28503, 3.18572e-05
15.474, 18.3089, 4.58542, 4.19288, 28.9072, -9.03879e-05, 9.3559, 3.42228e-05
14.9274, 17.7074, 6.22031, 0.591792, 29.6415, -0.000146115, 1.65871, 3.05789e-05
14.8182, 17.4691, 5.75501, 3.12882, 23.8596, 2.69478e-05, -1.20589, -2.97588e-05
14.8896, 17.7264, 6.18955, 1.67055, 27.1194, -2.12327e-05, -8.37106, -2.26538e-05
14.0255, 16.8653, 7.05873, 0.678447, 28.1749, -9.22599e-06, 5.52806, 0.00014775
14.8779, 17.7476, 5.19015, 2.01769, 30.4541, 3.11161e-05, -5.82618, 8.9291e-05
15.1026, 17.9708, 6.31995, 0.498947, 28.8045, -6.34568e-05, 2.48827, -2.35776e-05
15.0351, 17.7657, 6.46592, 2.45343, 24.8665, 0.000171326, 3.47612, -4.43722e-05
15.8309, 18.6066, 4.72002, 0.567464, 29.9684, -8.70673e-05, 0.827308, 7.5973e-05
14.5845, 17.2793, 4.98092, 0.637411, 29.8576, -6.32667e-05, -6.44184, 0.000103311
14.8813, 17.6979, 4.49219, 3.06495, 30.289, 0.000155839, -3.12535, -2.02689e-05
15.5414, 18.279, 5.76477, 0.496539, 29.1178, -5.97531e-05, -2.59504, -9.24028e-06
14.8813, 17.6517, 5.59427, 4.26072, 20.3664, 8.32363e-05, 1.9649, 0.000263417
14.6218, 17.4416, 5.99634, 0.18972, 29.6606, 0.000104702, -0.376477, 1.47737e-05
14.6377, 17.3444, 6.26495, 0.999115, 28.1322, 1.66722e-05, 3.67265, -0.000137598
14.9159, 17.8147, 5.21554, 3.24516, 29.927, -8.8951e-05, 9.18821, -3.4151e-05
15.2228, 17.9858, 5.00309, 1.39739, 30.4025, -6.46378e-05, 2.87449, 7.58444e-05
14.7877, 17.5379, 5.18461, 2.39363, 30.6362, -0.00013329, -0.313318, -0.000148165
14.6556, 17.4568, 5.47648, 1.89634, 30.5868, -0.000138894, 1.41849, 0.000135108
14.8428, 17.7243, 5.8231, 2.40877, 25.3905, -6.77707e-05, -3.49313, 5.51995e-05
14.5952, 17.3246, 4.26091, 3.05844, 30.604, -1.55952e-05, -3.10513, -0.000114529
15.5062, 18.2419, 4.38492, 1.54764, 27.5002, 4.78451e-05, -3.61095, 2.62197e-05
15.1932, 17.9475, 4.60251, 2.07656, 30.5524, -8.31237e-05, 0.868688, 0.000115027
14.6757, 17.5282, 6.43248, 2.0254, 26.2357, 0.0001267, -7.36244, 5.07598e-05
14.6059, 17.4547, 5.75544, 0.726024, 28.9265, 1.49282e-06, -4.15011, -9.04633e-07
14.44, 17.3524, 6.26289, 2.50383, 30.4515, -3.24397e-05, -9.53168, -0.000262996
14.9495, 17.7931, 5.02316, 3.71247, 29.8344, -0.000198274, -9.63958, -5.89991e-05
14.7359, 17.5174, 4.77132, 2.72656, 30.7513, 4.58977e-05, 4.95465, 0.000150293
15.4739, 18.2508, 5.9282, 2.48587, 25.1407, -1.87341e-05, 5.62351, -8.48014e-05
15.2562, 18.0234, 5.5366, 1.20629, 30.0831, 7.64644e-05, 2.00868, 0.000126
14.7662, 17.6108, 6.5109, 4.05731, 20.7266, 0.000200844, -7.41446, -0.000141903
14.217, 17.0816, 6.88906, 2.29967, 25.4321, 9.91387e-05, 6.25051, -0.000141009
14.6162, 17.4511, 6.38286, 0.796071, 29.02, -3.669e-05, -7.33815, -0.000129892
14.8035, 17.6936, 5.2692, 2.03315, 30.6179, -0.000255555, 1.60986, -0.000246515
14.5661, 17.3639, 5.88458, 4.16231, 20.9696, 5.93269e-05, 1.10894, 1.30417e-05
14.5161, 17.2992, 6.16476, 4.04194, 21.2814, 8.09415e-05, 0.409801, 0.000267644
14.8487, 17.5752, 4.59351, 3.30336, 29.944, -0.00017548, -3.94956, -7.37991e-05
15.6406, 18.4537, 4.32425, 2.58275, 29.789, -6.62393e-05, -4.54018, -3.63002e-06
14.5186, 17.4007, 5.60274, 2.15581, 30.4428, -2.54812e-05, 6.1829, -2.22707e-05
15.0251, 17.9234, 5.99539, 1.18441, 27.7635, -0.000241278, 1.04712, -3.463e-06
14.7439, 17.4656, 6.48308, 1.09893, 29.4242, -0.000108945, 8.7743, 5.62859e-05
14.2634, 17.174, 6.11501, 0.40159, 29.8059, -5.92955e-05, 1.20279, 0.000120133
15.0816, 17.7959, 5.90248, 1.59606, 30.0429, 0.000132669, 3.38358, -0.000137656
14.3529, 17.1015, 4.98886, 2.56983, 31.0335, -2.38902e-05, -2.29407, -1.62084e-06
14.8323, 17.6837, 5.00526, 3.02674, 30.3691, -3.28183e-05, -6.16228, 6.11425e-05
15.0043, 17.7406, 6.2877, 0.988846, 29.1373, -0.00011256, -6.9998, 3.20242e-05
14.9768, 17.8136, 6.12248, 2.68079, 24.5756, 2.02003e-05, 1.63185, 0.000153221
14.3914, 17.1466, 6.00824, 1.43422, 30.4753, -0.000141171, 0.871454, 0.000106097
14.4058, 17.2612, 6.52747, 4.78185, 19.0021, 4.13631e-05, -9.79278, 0.000179649
15.1798, 17.869, 6.52112, 1.62448, 26.6342, -7.01658e-05, -1.63015, -4.57414e-05
15.1304, 17.9761, 4.40767, 2.44164, 30.3974, -2.56717e-06, 2.76587, 2.79183e-05
14.7472, 17.6406, 5.72695, 1.31869, 30.2262, 3.50002e-05, -2.53644, -1.7116e-05
14.9945, 17.7952, 6.22902, 3.01358, 23.8145, 0.000188508, -5.96662, 3.22155e-07
14.4903, 17.1549, 6.25644, 3.61054, 22.4898, 0.000102644, -1.35952, 7.25726e-05
15.0415, 17.8019, 6.60163, 1.28333, 27.3505, -6.95816e-05, -3.73583, -3.85899e-05
14.9968, 17.831, 5.11107, 1.99236, 30.4774, -0.00010557, -2.68333, 5.92717e-05
14.5153, 17.3862, 5.39304, 2.2468, 30.6511, -3.26507e-05, 0.100726, 2.35845e-05
14.9369, 17.6439, 5.39716, 1.78722, 30.3776, -6.92861e-06, -2.49637, -7.6826e-05
15.1753, 17.9797, 4.80784, 3.47841, 29.3083, -0.000163718, 3.6558, -1.86099e-05
15.4194, 18.1818, 5.84381, 1.46917, 29.3314, 9.03125e-06, -7.35395, 9.2039e-05
14.6627, 17.5552, 6.09809, 2.78659, 24.5704, 0.000170021, -2.67185, -3.92956e-05
14.5218, 17.4148, 6.46242, 1.12444, 27.9031, 1.3455e-05, 4.89788, 7.85705e-05
14.5697, 17.4305, 6.15857, 0.266541, 29.3296, 5.5335e-05, -2.43564, 0.000184359
15.3573, 18.0919, 6.0679, 1.64432, 27.7296, -3.99267e-05, -9.90264, -2.80198e-05
15.2212, 18.0752, 5.38883, 0.469574, 29.1488, 3.15417e-05, 1.45168, 0.000116824
14.5008, 17.3206, 6.24523, 3.48339, 22.9155, 0.000221814, 9.01255, 5.40234e-05
14.8044, 17.5974, 6.03432, 1.01755, 28.2055, -4.62742e-05, 4.9337, 0.000130139
14.7771, 17.6202, 5.9564, 4.10446, 21.0256, 4.33161e-05, -9.95112, 9.79212e-05
14.782, 17.5106, 6.35683, 1.02811, 29.1925, -0.000128479, -8.80396, -0.000120655
14.2567, 17.0837, 5.77366, 1.77375, 30.4913, -0.00034046, 4.08277, 0.000104009
15.3412, 18.1945, 4.68269, 1.82867, 30.149, -3.96962e-05, 1.54793, -5.42659e-05
14.1018, 16.9522, 6.24123, 2.04083, 30.4539, -0.000200989, 8.85939, 2.33185e-05
14.6294, 17.2204, 6.028, 0.568476, 28.8063, -8.12669e-06, -1.39012, -6.37306e-05
14.9517, 17.7644, 6.52424, 2.33751, 25.2357, 8.95482e-05, 5.51521, 8.17642e-06
15.2951, 18.0869, 5.30638, 1.00236, 30.0566, 7.03064e-05, -1.57405, 0.00011889
14.803, 17.4836, 4.74271, 2.59509, 30.8439, -3.09777e-05, 0.857736, -5.81447e-05
15.104, 18.0087, 5.69411, 1.09724, 29.3206, -8.05056e-05, -7.07258, 8.64055e-05
14.3797, 17.2546, 5.92354, 4.16585, 20.9841, 0.00032106, 1.40664, -4.61598e-05
14.7987, 17.7084, 6.47787, 3.15477, 23.2766, 6.25626e-05, 3.99749, 4.98424e-05
14.8157, 17.5583, 6.08598, 2.02781, 26.1675, 1.89486e-05, -2.1142, -0.000233697
14.6458, 17.4225, 6.49433, 1.14324, 27.5768, -0.000135739, 2.5657, 1.48355e-05
15.5348, 18.4098, 6.04925, 2.26404, 25.3759, -5.46102e-05, 3.39026, 4.00356e-05
14.7446, 17.5111, 4.47102, 2.90999, 30.8727, 2.089e-05, -6.13597, -0.000111055
15.1255, 17.8506, 5.01982, 2.08989, 30.3282, -6.43013e-05, -0.917786, 1.46612e-05
14.7155, 17.5328, 5.88124, 0.943338, 29.4402, -4.70982e-05, 7.61708, -7.34048e-05
14.5955, 17.4636, 5.83801, 0.86445, 30.0504, -0.000208672, -2.41356, -0.000101937
15.3703, 18.1896, 5.92781, 1.24764, 27.6675, -5.43986e-05, 1.50298, 8.72143e-05
14.2972, 17.0002, 5.85714, 2.64333, 25.1866, 0.000101967, -0.812718, 6.52156e-05
14.8551, 17.5985, 5.48405, 1.27771, 30.3178, -8.88633e-05, 4.87719, 1.40869e-05
14.8449, 17.6542, 4.99117, 3.62369, 29.3847, -0.000166001, 7.35881, 8.52111e-05
14.6079, 17.3911, 6.20975, 0.766565, 29.8904, -8.94214e-06, -1.25478, 4.59829e-05
15.2324, 18.0201, 6.41969, 2.08879, 25.8782, -3.37758e-05, 6.5087, 0.000115387
14.6706, 17.5127, 6.18154, 0.817037, 29.26, -4.65134e-05, -6.74273, -5.05955e-05
14.6367, 17.4433, 6.10158, 4.5478, 19.7341, 9.0127e-05, 7.98878, -0.000225183
15.0502, 17.842, 5.43337, 2.68157, 30.1087, -2.41146e-05, -8.88578, -0.000139181
14.4596, 17.2885, 5.05949, 2.57581, 30.9078, -0.000120468, -0.8254, -2.09567e-05
14.9732, 17.7534, 7.13638, 1.23687, 27.8973, 1.09456e-05, -9.14293, 0.000175831
14.6049, 17.4586, 4.26154, 2.76369, 31.0854, -4.18845e-05, -2.25466, 0.000160593
14.4508, 17.3046, 5.99296, 3.75613, 22.1792, 0.000137531, -3.76404, -1.80976e-05
15.5085, 18.3167, 4.66462, 3.65336, 29.2517, 8.62815e-05, -9.57523, -8.02578e-05
15.1936, 18.0496, 6.67893, 3.20376, 22.8753, 4.37669e-05, 7.26447, 7.12521e-05
14.7497, 17.5185, 4.92778, 1.42391, 30.7571, -1.74402e-05, 1.49048, -0.000121702
14.8076, 17.592, 6.50108, 0.752885, 28.6912, 0.000130772, -5.82674, 0.0001452
14.7522, 17.5504, 5.87377, 4.47947, 19.7478, 6.77756e-05, -2.30179, 0.000119957
14.9654, 17.7559, 4.85935, 3.1575, 30.1838, -4.13108e-05, -8.14024, 2.00496e-05
14.5133, 17.3999, 5.73533, 3.12551, 23.8414, 0.00021605, 0.559688, 7.17497e-05
15.0968, 17.9209, 5.47693, 2.1337, 30.0867, -1.85507e-05, 2.55222, -2.02266e-05
14.5339, 17.3612, 6.48939, 4.46262, 19.8895, 0.000194463, 1.98552, -3.32808e-05
15.5327, 18.3538, 4.0781, 2.07396, 30.277, 6.50254e-05, -1.70157, 4.61599e-05
14.3189, 17.0307, 6.46948, 3.17504, 35.7013, -7.97292e-05, -7.25505, -0.000126978
15.0088, 17.8548, 4.64444, 2.77894, 30.3492, -0.000144387, -5.29692, 3.65851e-05
14.5715, 17.3689, 5.73151, 1.16256, 30.4376, -5.08746e-05, -0.703749, 4.92616e-05
14.2134, 17.1317, 6.31858, 3.98805, 21.6121, 0.000218645, -3.97494, -3.56284e-05
14.6006, 17.4427, 6.33365, 1.3009, 29.5962, -6.93658e-05, -8.4311, -9.46701e-05
15.1054, 17.9186, 6.28757, 0.990358, 28.229, -1.76872e-05, 5.64256, -6.53135e-05
15.0784, 17.9772, 5.91849, 2.13435, 25.8259, -7.60177e-05, -0.7625, -3.39265e-05
14.8115, 17.5729, 3.68109, 3.34698, 30.4163, -0.000215985, 1.59195, -2.84977e-05
15.2863, 17.9531, 4.2078, 3.48319, 30.1285, -0.000139072, -7.8868, -2.29825e-05
14.2968, 17.0833, 6.3067, 4.88277, 19.2407, 1.91746e-05, -7.73519, -0.000163016
15.2812, 18.1705, 5.57881, 2.79775, 24.229, 5.62529e-05, 4.12376, -7.5407e-06
14.2891, 17.0777, 6.7185, 0.9358, 29.6378, -0.000119394, 4.91045, 3.15649e-05
15.3535, 18.0306, 4.62165, 2.55588, 30.1917, -0.000129959, 2.01938, -6.81824e-05
14.9204, 17.8221, 5.23494, 1.16658, 30.0502, 6.70625e-05, -6.25212, 0.00015005
14.6906, 17.5877, 6.76812, 1.6193, 26.6331, -3.50058e-05, -6.27953, 3.36225e-05
14.8496, 17.7933, 5.97248, 1.00921, 29.746, 1.86057e-05, 5.20282, -5.21392e-05
15.2657, 18.0064, 6.49546, 2.25735, 25.3802, 0.000122501, -2.59157, 6.59174e-05
14.5683, 17.4043, 5.86686, 2.58625, 30.3373, -0.00011846, 9.15455, 2.78891e-05
14.9181, 17.786, 4.86244, 3.1391, 29.9953, -0.000156718, -2.27477, -9.30948e-05
14.482, 17.3131, 4.8398, 2.50989, 30.9534, -6.19744e-05, -1.97142, -5.22522e-05
15.0764, 17.8249, 5.86923, 1.02861, 28.1165, 1.00468e-05, 3.32939, 3.39788e-05
14.7756, 17.5726, 6.69943, 1.49322, 27.0676, 7.49289e-05, -6.84033, -7.26097e-05
15.6009, 18.3983, 3.69855, 3.23105, 29.1459, -8.5927e-05, -0.8527, -3.679e-05
15.0065, 17.8614, 5.51669, 0.38094, 29.7064, -2.25794e-05, 2.14945, 2.42975e-05
14.9786, 17.8088, 6.33739, 3.02831, 23.6735, 5.47438e-05, -8.01303, 2.33472e-05
15.0115, 17.9012, 5.43423, 0.532057, 29.8691, -3.12789e-05, 1.49752, 0.000171077
14.5367, 17.2551, 6.05797, 3.07714, 29.9894, -9.85816e-05, 7.93121, -6.83656e-05
15.1221, 17.8959, 6.33693, 3.14954, 23.3682, -7.99034e-05, 8.05401, -5.71788e-06
14.9514, 17.7375, 5.2402, 2.19064, 30.3464, -9.13556e-05, 5.5082, -8.62465e-05
14.2787, 17.2078, 6.9708, 0.737874, 28.2661, -0.00017505, -5.46138, -1.06362e-05
14.6059, 17.5069, 5.40974, 0.297116, 29.6118, 0.000126867, 2.2783, 1.69574e-05
15.4116, 18.1104, 6.15822, 1.95759, 26.0189, 5.42195e-05, -1.43168, 4.78073e-05
15.2296, 18.0308, 6.50758, 2.24902, 25.5117, 4.05284e-05, -7.89108, -5.491e-05
14.7946, 17.5774, 4.90659, 2.72949, 30.5873, -1.90386e-05, -4.63887, -7.70775e-05
14.7626, 17.6277, 6.10652, 3.60206, 22.3239, 8.71393e-05, -8.70265, -0.000164407
14.9549, 17.7311, 6.80717, 0.823208, 28.8322, 2.76765e-05, -6.52533, -0.000134863
15.046, 17.8686, 5.08555, 3.5327, 29.8342, 5.96851e-05, 9.39688, -7.33653e-05
14.659, 17.4025, 6.35237, 2.96146, 24.0418, -6.49171e-06, 2.11245, 1.97269e-05
14.6838, 17.5236, 6.01357, 0.496907, 28.851, 1.53219e-05, -1.34432, -2.48858e-05
14.9135, 17.7141, 5.23338, 3.33336, 29.911, -5.09971e-05, 4.32057, -5.57359e-05
14.8356, 17.6456, 5.46849, 0.768625, 28.8654, 5.43552e-05, 3.82897, -2.33862e-05
15.0293, 17.8139, 6.74333, 1.49286, 27.1284, 1.78409e-05, -7.48662, -1.94353e-05
14.973, 17.7117, 5.08853, 2.0154, 30.5398, -6.79761e-06, 1.7304, 0.000153854
15.1326, 17.9077, 6.19695, 2.12926, 29.8859, 9.33801e-05, -0.786133, 3.50125e-05
14.6525, 17.4569, 5.61009, 4.65003, 19.3077, -2.98458e-05, 0.922664, 9.77836e-05
15.1088, 18.1, 5.83209, 1.7344, 29.3765, -0.00010121, 9.46212, -4.96542e-05
15.1715, 17.9529, 5.05763, 0.300742, 29.9756, -0.000105284, -0.164386, -7.04952e-05
14.8303, 17.5514, 6.87831, 1.09155, 27.6729, 6.0819e-05, 4.70438, 6.87788e-05
14.7635, 17.4634, 5.00919, 1.67384, 30.832, -9.51754e-05, -1.37764, -7.46042e-05
14.4771, 17.4998, 5.61193, 2.62867, 30.2229, -6.61011e-06, -9.37969, -0.000142321
14.8623, 17.6448, 5.33413, 2.22316, 30.4324, 8.23246e-05, 0.215588, -0.00010912
14.3417, 17.1649, 6.42683, 3.65333, 22.3464, 4.22201e-05, 5.58735, -1.27554e-05
15.4081, 18.1, 5.81759, 0.581518, 29.4575, 0.000105842, 2.7165, -4.59263e-05
15.0659, 17.8851, 5.87136, 0.914176, 29.2915, 5.44269e-05, 6.18144, -3.11316e-05
14.7359, 17.676, 6.69198, 0.898226, 28.2861, 2.02857e-05, 6.21447, -0.000195981
14.5688, 17.3423, 5.56621, 0.514747, 29.7966, 6.06575e-05, 3.64811, -4.4283e-05
15.3654, 18.1431, 5.97337, 2.40534, 29.4226, -4.42193e-06, 9.65473, -1.22694e-05
14.7043, 17.5097, 5.42959, 0.447785, 30.0435, -5.8028e-05, 0.112143, -4.06762e-05
15.0771, 17.8419, 6.20504, 1.97487, 26.0147, 3.7099e-07, -3.4596, 2.38092e-05
14.9984, 17.9152, 7.04144, 1.35179, 27.9371, -2.1876e-05, 9.88157, 4.31656e-05
14.9033, 17.6507, 5.46936, 1.74786, 26.9657, 1.96701e-05, 1.62657, -1.98189e-06
15.2264, 17.9405, 5.79204, 1.21543, 28.3359, 1.97737e-05, -7.64905, -6.92917e-05
14.8526, 17.6247, 6.0313, 1.81772, 29.8322, 6.97043e-05, 9.90257, 8.54906e-05
14.8052, 17.5658, 5.96253, 2.36966, 25.5855, 8.568e-05, -5.58486, -1.19214e-05
14.5318, 17.3247, 6.04042, 4.46216, 20.1665, 0.000310776, -2.3981, 2.92557e-05
15.0545, 17.8891, 5.37913, 2.88249, 29.8605, -9.83906e-05, 5.71197, 0.000150991
15.2728, 18.0116, 5.14708, 1.80727, 30.2459, -7.94012e-05, 1.3859, 4.54784e-05
14.7549, 17.6275, 6.14437, 4.18541, 20.5453, -6.57113e-05, 9.20762, -2.76045e-05
15.3369, 18.1817, 3.81615, 3.53587, 29.4337, -3.34939e-07, -2.85474, 4.67655e-05
14.8804, 17.7701, 5.94967, 3.42166, 22.7527, 7.65581e-05, 3.98374, -3.19843e-05
15.2812, 18.1022, 5.33017, 0.888013, 29.8023, -2.63172e-05, -4.38751, 2.59197e-05
14.7602, 17.5187, 6.11224, 2.323, 25.67, 7.61917e-05, 7.87254, -5.88747e-05
