14.9159, 17.7794, 6.95683, 2.50866, 27.7651, -6.83817e-06, 5.00772, 6.87193e-05
14.6988, 17.5104, 6.26817, 3.20787, 33.1178, -6.23325e-05, 3.42279, 8.7185e-05
15.0744, 17.9023, 6.44164, 1.70419, 33.4392, -2.84223e-05, 3.06293, -2.40037e-05
14.6208, 17.4176, 7.47395, 1.54224, 29.7273, 7.56311e-05, 4.26372, 0.000144156
15.2319, 18.0599, 4.72418, 3.47972, 33.3132, -0.000103772, -4.7357, 8.77438e-05
15.0164, 17.8167, 6.45994, 0.786338, 32.3305, 1.64907e-05, -6.2124, -5.41625e-06
14.831, 17.5903, 6.14135, 2.8994, 33.6622, -4.15923e-05, -6.55832, -9.43644e-05
15.2186, 17.9837, 6.05184, 1.18009, 31.0287, 0.000123423, -1.53072, -7.26845e-05
15.4958, 18.3083, 6.21116, 1.88195, 32.9236, -0.000101708, -6.17807, -0.000113538
14.6796, 17.4271, 6.70472, 1.16235, 33.2786, 0.000129169, -2.50303, -9.19487e-05
15.2341, 17.9318, 5.28216, 3.94145, 33.0676, -3.12349e-05, -8.21655, -9.08559e-05
14.8042, 17.5167, 6.87448, 0.307753, 32.5483, 1.24595e-06, -1.44808, -8.48461e-05
14.7477, 17.5848, 7.18006, 3.2954, 25.832, 1.48765e-05, 0.0296579, -7.25192e-05
14.3927, 17.3163, 6.42344, 4.84757, 22.1186, 9.26529e-05, 3.48639, 3.65835e-05
15.2821, 18.1424, 4.99202, 3.78876, 32.0985, -0.000116345, -0.597841, 6.12343e-05
14.9306, 17.7227, 7.07738, 0.249622, 32.1141, 4.84112e-06, -2.1669, -2.61814e-05
14.9145, 17.6766, 6.27162, 2.17623, 33.6851, 3.91268e-05, -2.18838, 8.17457e-06
13.9098, 16.7269, 7.12692, 1.35998, 33.3577, 2.82143e-05, -0.726403, -8.40153e-05
14.4113, 17.3922, 7.1065, 1.51396, 29.9991, -7.3909e-06, 4.01872, 9.29222e-05
14.5924, 17.4581, 6.7643, 4.14622, 23.7322, 0.000147272, 5.32006, 6.91104e-05
14.7598, 17.5596, 6.02464, 2.10964, 33.482, 0.000110974, 9.67426, 9.74883e-05
14.4113, 17.3812, 6.96152, 2.36202, 33.4318, -0.000271878, -6.96796, -0.00014213
14.9328, 17.831, 6.49043, 3.34168, 25.8421, 0.000121758, 2.39654, 4.07303e-05
15.39, 18.2802, 6.49548, 1.70464, 29.7451, -0.000121506, 4.65718, 1.26259e-05
14.9802, 17.8445, 7.08977, 2.06301, 28.7385, 9.49109e-05, -0.710641, 7.74761e-06
14.6903, 17.4613, 6.61701, 1.48476, 33.3362, -0.000178043, -6.38318, -2.08437e-05
15.2007, 17.8673, 6.93138, 0.700808, 32.4479, 0.000136693, 5.64331, -0.000111228
15.2712, 18.1129, 6.75512, 0.846639, 31.2532, 2.36229e-05, 2.77472, -2.81457e-05
14.5724, 17.4324, 7.29044, 0.868897, 32.5639, -0.000101998, -7.38194, 4.29138e-05
14.9937, 17.8844, 5.59733, 2.77946, 33.5129, 5.72231e-05, -0.0318583, -8.06572e-05
14.3642, 17.2745, 7.20013, 3.73169, 24.8899, 0.000322463, -2.61969, 2.58443e-05
14.6304, 17.4821, 7.10884, 1.42649, 30.2133, -0.000140235, -0.162299, 8.46756e-05
14.5441, 17.3827, 6.87781, 0.679092, 32.5971, 9.31577e-05, 6.09419, 3.44278e-05
15.1425, 17.9214, 6.34329, 2.47139, 33.2527, -3.02289e-05, 2.09979, -2.59764e-05
15.0687, 17.8383, 6.69473, 0.873855, 31.1666, -9.39142e-06, 0.214615, -0.000130792
14.7814, 17.5358, 7.01375, 1.43491, 33.0882, -4.78093e-05, -5.87605, -0.000162953
15.0269, 17.7731, 6.98209, 3.58825, 25.0213, 7.65572e-05, -4.69215, 3.59907e-05
14.7944, 17.5205, 7.56303, 0.619901, 32.1383, 9.30001e-06, 6.07844, 3.6877e-05
15.0618, 17.8709, 6.0233, 2.4573, 33.5015, -0.000145214, -4.04868, 3.40218e-05
14.8489, 17.565, 6.44052, 1.75471, 33.3966, 7.12905e-05, 7.50118, 8.36841e-05
15.0182, 17.9528, 7.051, 3.54238, 24.7625, 2.56869e-05, -1.17101, -9.86336e-05
14.2987, 17.2302, 7.40527, 2.12546, 28.6735, -0.000140803, -5.27994, -0.000118265
14.683, 17.466, 6.46951, 1.96544, 33.5015, 0.000133624, -8.15431, -4.95163e-07
15.6039, 18.2527, 6.16263, 2.15949, 32.9235, 4.32172e-05, 7.41606, -2.56979e-06
14.8948, 17.6448, 6.61305, 0.220492, 32.565, -0.000188694, -1.41834, -3.12708e-05
14.8166, 17.562, 5.96196, 2.079, 33.8031, -9.6338e-05, 9.2585, -6.78839e-05
14.8773, 17.6908, 7.12405, 0.944457, 30.9189, -1.17747e-06, -2.89917, -3.77741e-05
14.7106, 17.4964, 6.61515, 0.543331, 32.0538, 0.00011574, 4.0611, -6.30821e-05
14.6595, 17.4522, 6.47768, 4.58154, 22.5489, 0.000175458, -1.30232, -0.000127352
14.5959, 17.4213, 6.76193, 4.07411, 24.0613, 2.0298e-05, -3.66576, -0.000112905
15.0203, 17.75, 6.88239, 1.5841, 32.8046, -1.67636e-05, 9.53334, 0.000108234
14.8588, 17.6554, 6.53952, 0.399605, 32.38, -6.88608e-05, 4.12343, 0.000176641
14.7623, 17.5752, 6.83375, 1.75904, 33.4111, -4.02258e-05, 4.29961, 1.18737e-05
15.0694, 17.8789, 6.5775, 1.653, 32.9402, -0.000123464, 8.16719, 6.61351e-05
14.9349, 17.7546, 5.58533, 3.12855, 33.5912, 3.1513e-05, 8.10567, 1.39251e-05
14.9731, 17.7983, 6.66794, 1.69866, 33.2577, -0.000128894, 4.50958, -1.30468e-05
15.0483, 17.7373, 5.62152, 1.89154, 33.9209, 9.3059e-05, -1.63591, 7.99366e-05
14.7277, 17.5356, 7.52335, 3.26856, 25.8594, 7.08497e-06, -7.79659, 4.23094e-05
14.7158, 17.5435, 7.18584, 1.86159, 33.2646, -0.000104075, -1.8507, -4.33654e-05
14.7872, 17.5881, 6.92868, 1.65233, 29.8038, 0.000123689, -4.74235, 4.57013e-06
15.4585, 18.4301, 6.71164, 1.52618, 32.3854, 5.03856e-05, -8.63528, -0.000197906
15.0181, 17.7054, 6.75056, 2.21322, 33.2917, -1.88266e-05, -4.40946, 3.50586e-05
15.4113, 18.1665, 5.2579, 3.53873, 32.7765, -2.09562e-05, 2.34599, -2.07724e-05
14.9646, 17.7241, 6.36873, 0.721593, 33.114, -1.82739e-06, -2.76914, -1.49011e-05
14.7196, 17.3476, 6.99268, 3.4069, 37.3168, 7.69219e-05, 6.66078, 0.000164709
15.0063, 17.7608, 5.03755, 3.41672, 33.1599, -3.39589e-05, -2.75948, -7.72963e-05
15.1545, 17.8816, 5.73667, 2.54557, 33.5848, 4.04017e-05, 6.25476, 1.17485e-05
14.7948, 17.6426, 6.56532, 0.954112, 33.0552, -1.61348e-05, -3.59147, -5.40764e-05
15.4588, 18.2568, 7.3526, 2.35572, 27.8391, 1.02727e-05, 5.29491, 0.000108806
14.993, 17.7441, 6.62442, 0.288592, 32.1664, 4.75015e-06, -1.59246, -3.26595e-05
14.3219, 17.0865, 5.51918, 1.99162, 34.4271, -1.58155e-05, -4.19754, -0.000113696
15.3652, 18.114, 6.36355, 0.747939, 32.8227, -1.364e-05, 3.18638, -3.5601e-05
14.5754, 17.4384, 6.66757, 3.61438, 25.5164, 0.000182931, 6.9857, 9.43243e-05
14.4033, 17.2072, 7.34422, 2.17242, 28.6123, 5.33557e-05, -4.78554, -0.000191092
14.3271, 17.2145, 6.91314, 0.587314, 32.7524, -0.00011646, 4.4107, -4.60046e-05
14.8035, 17.6599, 5.78586, 2.93581, 33.4682, 9.35727e-05, -9.3689, 0.000147782
14.9109, 17.7631, 6.01044, 1.32339, 33.5189, 5.33149e-05, 1.49475, -9.9327e-05
15.1327, 17.875, 6.58027, 1.97013, 29.3043, -0.000143466, 3.30841, -9.4457e-05
14.196, 17.1757, 6.77708, 1.36064, 33.292, 0.000189671, -5.03773, 3.83726e-05
14.7321, 17.6147, 6.62385, 3.09241, 26.6061, 6.16548e-05, -4.97584, 0.000225851
14.8067, 17.6237, 7.54128, 4.25227, 22.7992, 0.000117668, 6.69502, 1.13684e-05
14.5561, 17.3723, 7.22905, 0.484062, 32.5492, -0.000239663, -3.24068, -0.000170499
14.388, 17.158, 7.40013, 3.37982, 26.0161, 0.000254598, -5.79917, 7.13135e-05
15.0935, 17.9733, 6.0328, 2.76852, 27.5776, 0.000209422, 5.89028, 1.43934e-05
14.9, 17.7217, 6.34741, 3.19815, 26.4639, 0.000121393, -0.175647, -3.46314e-05
14.7234, 17.492, 7.19028, 0.692419, 31.7968, 9.64341e-06, 5.96394, 0.000362697
14.78, 17.4818, 6.85035, 0.465262, 32.4737, 0.000173626, -4.16874, 2.49785e-05
15.2352, 17.9799, 5.61944, 3.18363, 33.2175, -6.302e-06, -7.55897, -1.20319e-05
14.9444, 17.754, 6.37451, 2.92629, 27.0783, 0.000183065, -5.63321, -0.000104773
14.3969, 17.3066, 7.4761, 0.72001, 31.2164, 4.36997e-05, -2.06106, -3.47935e-05
15.2697, 17.9998, 6.1574, 2.97925, 26.9413, 5.61334e-05, 2.56057, 4.1267e-05
15.0094, 17.7664, 6.40449, 3.55134, 25.4185, 0.000216318, 0.432974, 2.72745e-05
14.8683, 17.6725, 6.77717, 1.39975, 32.8602, 3.52277e-05, -8.15527, 6.73204e-05
14.6221, 17.4605, 7.33777, 3.20099, 26.1863, 0.000145175, -9.69361, -0.000129029
14.5645, 17.3677, 7.37366, 2.56492, 27.68, 9.82096e-05, -2.32674, 8.75089e-05
14.7136, 17.4861, 7.18553, 3.11108, 26.3623, -6.91741e-06, -4.79396, 0.000192604
14.9819, 17.8608, 6.14166, 3.02714, 33.2359, -7.04809e-06, 9.79047, -2.68067e-05
14.8707, 17.5353, 6.70082, 3.14379, 26.5672, -4.30721e-06, -3.3491, 8.85673e-05
15.4441, 18.229, 6.91778, 1.47743, 30.1514, 0.000129158, 6.36703, 0.000190269
14.3367, 17.215, 7.01109, 2.96265, 27.0908, 7.3157e-05, 1.1709, 3.37589e-05
14.5837, 17.3707, 7.03939, 4.31731, 23.2878, 0.000201656, -9.36195, -7.97177e-05
14.9433, 17.792, 5.97871, 1.15068, 33.4714, -0.00018958, 2.91878, -8.09569e-05
14.9027, 17.5429, 6.62147, 1.02763, 33.1261, -5.31196e-05, -3.68275, 0.000149755
15.2975, 18.1211, 7.04904, 1.0022, 31.3742, 6.54838e-06, 6.57882, 2.86496e-05
15.2786, 18.2072, 6.62897, 1.40058, 30.4575, -4.26522e-05, 4.86397, -1.31956e-05
14.6639, 17.5186, 7.28893, 3.67453, 24.8084, 8.24651e-05, 1.42552, -3.58953e-05
14.5776, 17.4756, 6.69092, 2.25365, 33.2052, 8.98334e-05, -9.6555, 7.13337e-05
14.8483, 17.6872, 6.35252, 2.85367, 33.378, -4.14239e-05, -7.97786, -8.43339e-05
14.8703, 17.6576, 6.27101, 1.89626, 33.6303, 8.42871e-06, -5.28151, -2.75236e-05
14.626, 17.3181, 7.10758, 4.32672, 23.2723, 5.53611e-05, 8.783, 0.000132658
15.1189, 17.9765, 7.07615, 3.36835, 25.2992, 0.000134979, -2.48899, -9.29575e-05
14.6195, 17.4748, 5.86164, 2.66032, 33.8699, -0.000175156, 3.72579, -8.60594e-05
15.7012, 18.4985, 6.07881, 0.385887, 32.1911, 1.18106e-05, -1.62082, 5.59973e-05
14.6547, 17.4276, 6.76753, 1.38727, 33.3143, -4.89799e-05, -4.45058, 8.0038e-05
13.7587, 16.678, 7.40526, 3.8829, 25.0203, 5.38736e-05, 8.04777, -9.38166e-05
15.2583, 18.1397, 6.44893, 0.712959, 31.5637, 8.11693e-05, 1.99603, -1.07765e-05
15.0223, 17.8057, 7.09112, 0.951919, 32.3867, 1.9925e-05, -7.13556, -5.19178e-05
14.8888, 17.7353, 6.34838, 2.53883, 33.3337, 5.06619e-05, 2.45965, -6.16635e-05
14.5851, 17.3145, 6.98983, 1.29633, 33.2393, -6.11399e-05, 1.16839, 0.000132169
15.2069, 17.946, 3.31841, 3.11556, 34.6319, -0.000107013, -1.96, 0.000130757
14.7697, 17.492, 6.97338, 2.3908, 28.2691, 3.46388e-05, -5.64692, -9.96337e-06
14.9014, 17.7467, 7.12458, 0.819232, 31.2573, 0.000100398, -5.15596, 3.74675e-05
14.6506, 17.3883, 6.8691, 2.98626, 26.9344, 0.000157999, -1.38692, 9.64819e-05
14.9166, 17.6717, 6.93898, 1.61881, 29.9877, -0.000170723, -6.28452, 7.12725e-05
14.2281, 17.1611, 6.81406, 2.99749, 27.1181, -6.94795e-05, -3.58442, 1.81996e-05
14.8532, 17.6657, 4.87029, 3.46256, 33.5975, -9.24583e-05, 7.60907, 3.063e-05
15.7654, 18.4766, 5.71034, 3.14374, 32.5485, 3.16273e-05, 8.83219, 5.77375e-05
14.9671, 17.8839, 6.44434, 3.23479, 26.1033, 9.3415e-05, -2.13277, -7.9785e-05
14.7755, 17.4039, 6.94761, 2.15655, 28.8753, -3.70503e-05, 3.7584, 6.18575e-05
14.9573, 17.7786, 7.27042, 0.525416, 31.5246, 3.16785e-05, -1.84151, -0.000163845
14.7971, 17.58, 6.48658, 3.362, 26.0556, 5.51093e-05, -4.73145, -4.94907e-05
14.7875, 17.576, 6.06574, 3.04725, 33.5764, -2.41604e-05, 7.26436, 0.00012225
14.6197, 17.3776, 6.54078, 4.27501, 23.7002, -6.48266e-05, -0.922143, -4.0154e-05
14.6175, 17.2686, 6.29639, 2.08515, 33.8821, -0.000178686, 1.75114, 0.000149675
14.4265, 17.1805, 5.49309, 2.91984, 33.991, -0.000234897, 2.54509, 5.61569e-05
14.9937, 17.7874, 6.54413, 1.73378, 33.1109, -6.75815e-05, 7.64422, 7.86448e-05
14.3631, 17.1922, 6.39648, 2.09966, 33.8237, -5.2405e-05, -6.09732, -9.10873e-05
14.5351, 17.35, 6.89983, 1.09816, 32.9748, -0.000122184, -7.23655, 2.93208e-06
15.4411, 18.1366, 6.06772, 1.05947, 32.9449, 5.41073e-05, -5.49615, 6.78988e-05
15.0156, 17.7006, 6.45105, 3.79604, 36.5376, -0.000187448, 8.81644, 0.000119646
15.1869, 18.0402, 5.86868, 1.26373, 33.3034, 8.78348e-05, 4.62047, 4.14586e-05
14.7418, 17.6303, 6.87048, 1.31098, 30.3992, 0.000197557, 2.63399, -1.00297e-05
14.3567, 17.1456, 7.17743, 1.01175, 32.9164, 2.35298e-05, -4.87427, 0.000130359
14.8343, 17.6644, 5.85058, 2.63539, 33.623, -0.000145668, -4.43229, 0.000117965
14.8939, 17.6074, 5.94711, 2.57358, 33.7639, -0.000121852, 4.23241, 0.000185734
15.1973, 17.9052, 6.90746, 0.35166, 32.4694, -2.31913e-06, -1.70282, -4.22638e-05
14.735, 17.5152, 6.52751, 2.16941, 33.54, 5.08628e-05, -7.12158, 5.26792e-05
15.6426, 18.516, 4.43136, 3.80699, 32.1558, -8.06733e-05, 4.78259, 0.000113714
14.4902, 17.2429, 7.20925, 3.88531, 24.5558, 4.48702e-05, 1.70053, -9.22847e-06
14.3614, 17.1903, 6.75393, 1.77206, 33.6223, 8.44583e-06, -1.22401, -9.18185e-05
14.4095, 17.26, 7.85267, 3.57795, 25.0729, 0.000255856, 2.43323, -0.00013023
14.2608, 17.1338, 7.16023, 0.777545, 32.7611, 9.67926e-05, 3.7465, -6.51697e-05
15.6347, 18.3097, 4.81169, 3.98425, 32.3062, 1.1172e-05, -5.76122, -3.67067e-05
14.8884, 17.7762, 6.70507, 0.931318, 32.2514, -2.07709e-05, 7.97636, 1.83987e-05
14.6982, 17.4539, 6.56424, 3.67307, 25.2332, 6.88537e-05, -7.74236, 5.38822e-05
14.4014, 17.2625, 6.86543, 1.7516, 33.4911, 5.88105e-06, 7.30209, -1.09228e-05
14.9683, 17.7615, 6.8595, 2.45509, 27.9733, 2.45005e-05, -2.07876, 4.24193e-05
15.254, 18.057, 6.94453, 1.03373, 31.2639, -7.21988e-05, -7.02168, -0.000252355
14.3146, 17.2604, 7.11278, 1.13685, 32.9963, -9.38135e-06, -6.40599, -0.000100438
14.6797, 17.5499, 6.73339, 1.52985, 30.0382, 0.000145989, 2.97568, -0.000162714
14.9449, 17.7625, 6.66831, 3.37598, 25.6788, 0.000112757, 6.18018, 1.76121e-05
14.5597, 17.2521, 6.55282, 3.19416, 36.988, -1.61873e-05, -0.763942, -6.4458e-05
14.4402, 17.3084, 7.59601, 3.14504, 26.2368, 0.000247433, -8.15013, -3.5759e-05
15.0251, 17.7045, 6.65745, 1.46039, 30.5279, 0.000153994, -7.10001, -0.000104508
15.3486, 18.2446, 5.14145, 1.57866, 33.8372, 2.09584e-05, 0.732332, -7.05822e-05
14.8811, 17.6904, 5.06593, 3.08957, 33.9337, -7.61935e-05, 4.84592, 1.60158e-06
14.4669, 17.2555, 6.75974, 2.07508, 33.7379, 0.000123725, 1.2344, 8.47731e-05
14.8831, 17.6104, 6.73406, 3.15625, 26.4182, 6.27399e-05, -2.59624, -0.000103055
14.9681, 17.7073, 7.36628, 2.92298, 26.6687, -0.000118239, 1.69655, 6.45415e-05
14.4976, 17.3136, 7.17299, 0.475346, 31.9834, 7.06186e-05, -4.64826, -8.16987e-06
15.2988, 18.0671, 4.91118, 2.49416, 33.7706, -0.000126665, -2.41562, -7.10585e-05
14.0452, 16.8485, 7.09727, 1.05528, 33.2606, -5.9426e-05, 1.275, 8.79075e-05
15.1357, 18.021, 6.94866, 2.33383, 28.1623, 8.1497e-05, 2.63187, -6.27493e-05
14.875, 17.6155, 7.11135, 0.765129, 31.2447, -9.23295e-05, 1.34578, -0.000133312
15.1947, 17.9946, 6.35702, 1.30024, 33.0324, -0.000119879, 5.60883, -4.30461e-05
15.1211, 17.9935, 6.37657, 1.39942, 32.7613, -1.62371e-05, -8.27432, -0.00013961
14.8553, 17.4796, 6.43049, 1.83039, 29.732, 1.635e-05, 3.0682, 8.30973e-05
14.7717, 17.5634, 5.963, 3.10276, 33.6673, -3.36539e-05, -3.66354, 3.29662e-05
14.6574, 17.6337, 6.3589, 2.09395, 33.5734, -0.00012153, -1.51209, -9.15904e-05
14.617, 17.4827, 6.70798, 1.49178, 33.2981, -6.24329e-05, -7.70368, 0.000131632
14.992, 17.7813, 7.25688, 0.592065, 32.0002, 5.01681e-05, -5.17675, -4.37689e-05
15.2819, 18.0293, 6.55049, 3.0602, 26.4582, 7.25886e-05, -4.81241, -6.87537e-05
14.9133, 17.7783, 6.96157, 1.35981, 32.7562, 5.75484e-05, -7.19249, -8.87142e-05
14.5399, 17.4653, 6.94529, 3.17818, 26.545, -4.37994e-05, -8.32765, 5.0727e-05
15.0802, 17.9195, 6.47634, 0.8943, 31.4274, -2.05612e-05, 3.9343, 6.40732e-05
14.7294, 17.5511, 7.30348, 1.49716, 32.8011, -5.05933e-05, 7.78396, 2.33242e-05
14.6862, 17.5276, 7.23698, 2.0321, 28.9955, 0.000117767, -3.1678, 2.28705e-05
15.2774, 18.0465, 6.46099, 2.78208, 27.2943, 0.000108594, -2.6778, -0.000172676
15.1817, 17.9348, 7.54627, 1.13143, 30.9425, 1.87465e-05, 8.1577, 6.34214e-05
15.2569, 18.0716, 6.6695, 1.64044, 29.8602, 0.00014625, 0.775682, 0.000107763
14.9936, 17.9144, 6.14796, 0.824079, 32.7361, -5.80182e-05, 6.09495, 0.000180602
14.2624, 17.1875, 6.50644, 2.54424, 33.9509, 6.97989e-05, -5.51852, -3.70289e-05
15.2883, 18.0204, 7.34774, 1.91326, 29.0428, -2.23453e-05, -6.12009, -5.30462e-06
14.974, 17.6942, 6.97133, 2.36438, 28.1302, 0.000111462, 3.40238, 3.57006e-05
15.0711, 17.8505, 6.65701, 1.91167, 29.376, 3.38741e-05, 4.13499, -4.50407e-06
14.7509, 17.4902, 6.63959, 2.8491, 27.412, 1.57937e-05, 3.90996, 3.34432e-05
14.5583, 17.4252, 6.79249, 1.44143, 30.2667, 4.81241e-05, 0.937216, -3.59301e-05
15.0612, 17.8708, 6.51563, 1.16964, 32.5181, -7.72476e-05, 8.91136, 5.03629e-05
15.1893, 18.0422, 7.09678, 1.63123, 29.7971, 8.8527e-06, -7.04061, -0.000150742
14.8215, 17.5694, 6.93988, 1.77605, 29.5932, -0.000115004, 5.87897, 7.96677e-05
14.8232, 17.6018, 6.31013, 1.04377, 33.2605, -2.73168e-05, 3.73656, 5.91786e-05
14.5071, 17.3875, 7.01135, 1.35557, 32.9373, -0.000111481, -8.79709, 1.70699e-05
14.4446, 17.3105, 7.32032, 3.83334, 24.6248, 0.000300092, -8.67102, 2.30447e-05
14.9976, 17.7792, 6.41191, 0.602342, 33.0439, 4.59141e-05, 0.111828, 3.60728e-05
14.8945, 17.6574, 6.53921, 0.427268, 32.4843, -6.73711e-05, -3.17267, -2.02623e-05
14.2051, 17.0222, 6.37148, 5.57469, 20.5399, 0.0002434, -0.769214, 0.000110339
14.9564, 17.7749, 7.43393, 3.05427, 26.19, 0.000147122, -2.2448, 3.02334e-05
15.1282, 17.8403, 5.94462, 2.88399, 33.341, -4.18269e-05, 8.23302, -1.3794e-05
15.0353, 17.8791, 7.09815, 2.28402, 28.312, 9.56873e-05, 0.259964, -4.04679e-05
14.8335, 17.703, 5.9203, 2.49015, 33.7577, 1.82322e-05, -6.5759, -3.26219e-05
14.5294, 17.3438, 6.40519, 3.1985, 26.6716, 0.000364471, -1.72632, 5.4968e-05
14.9423, 17.6519, 6.70252, 0.179752, 32.1758, 8.42798e-05, -0.373495, 6.40159e-05
14.59, 17.3761, 6.14924, 0.568041, 33.0862, -0.000113845, 2.2465, -0.000107198
15.0112, 17.7981, 6.64964, 3.46397, 25.3827, 4.31928e-05, -0.339891, 1.60918e-05
15.0204, 17.8838, 6.62992, 1.46391, 30.4346, -0.000114837, 6.78982, 8.36455e-05
14.8947, 17.6818, 6.17087, 1.20621, 33.4314, 6.45698e-05, 2.69909, 6.69379e-06
14.7641, 17.5585, 7.27985, 0.962448, 30.9992, -2.34844e-05, 5.61139, 0.000189819
14.7179, 17.3795, 7.05902, 3.43896, 25.6899, 5.55302e-06, 4.58019, 0.000142011
14.7754, 17.5665, 6.71454, 1.65172, 33.4597, -0.000121753, 0.807038, -0.000115703
14.914, 17.7353, 7.0557, 3.23386, 26.0175, 0.000170844, -7.43391, 3.1181e-05
14.9696, 17.731, 7.01623, 1.31668, 32.7707, -0.000134644, -7.33012, 6.5989e-05
14.2823, 17.0873, 7.20806, 2.19696, 33.3508, 9.28916e-05, -7.99231, -1.28108e-05
14.937, 17.766, 6.48339, 1.28606, 33.0392, -3.22296e-05, 6.27413, 0.000141484
14.6683, 17.482, 6.6612, 2.03154, 33.5494, -2.06266e-05, -0.283094, -5.2897e-05
14.2253, 17.0587, 7.27148, 4.06639, 24.2843, 0.000190086, -5.8366, -3.93612e-05
14.9258, 17.7037, 6.80635, 4.03923, 23.7935, 6.52757e-05, -0.165131, 4.72331e-05
15.2063, 17.9347, 5.76421, 3.11809, 33.206, 0.0001238, 6.13317, 1.19175e-05
14.5809, 17.3624, 7.07367, 0.496382, 32.6092, 7.03067e-05, -2.14243, -0.000166479
15.5927, 18.4146, 7.01482, 2.08705, 28.7247, -4.10637e-05, 6.85196, 0.000105535
15.1692, 18.0135, 6.9605, 1.12585, 31.0332, 9.12788e-05, 7.17975, 3.06593e-05
15.0557, 17.8992, 6.25527, 1.09224, 33.1695, 0.00011506, 4.15248, 1.92804e-05
14.9154, 17.6432, 6.16986, 3.07175, 26.9419, 0.000203112, -1.00427, 7.51777e-05
15.1538, 17.7833, 6.23115, 0.465604, 32.2648, -3.30596e-05, 3.47394, 6.47704e-05
15.2372, 18.1712, 6.8866, 0.612989, 31.8702, -2.34097e-05, -4.15692, 3.01055e-05
14.9543, 17.7056, 6.35738, 0.694858, 32.307, -4.188e-05, 5.91227, 1.10064e-05
15.0611, 17.9167, 6.96814, 0.745899, 32.2745, 0.000129429, -5.90945, 5.48662e-05
15.0983, 18.0322, 5.60746, 2.83651, 33.223, -2.73239e-05, -2.89326, -1.40062e-05
15.0969, 17.8437, 5.62714, 2.92265, 33.4228, -5.56085e-05, 5.58134, -6.44931e-05
14.8771, 17.7107, 5.36712, 2.10411, 34.042, 5.27791e-06, 2.61305, -5.89818e-05
14.9734, 17.7551, 7.00607, 2.03955, 29.0042, 0.000100407, 6.26818, -7.49981e-05
15.4022, 18.1913, 6.94334, 2.84883, 26.7045, -7.94158e-05, -1.27493, -6.08349e-05
14.4096, 17.1843, 7.28672, 0.558788, 31.5067, -3.55826e-05, -0.443199, -1.6675e-05
14.7008, 17.5381, 6.5844, 2.81318, 27.4262, -5.21151e-05, 0.854475, -3.27937e-05
15.0303, 17.9775, 5.92122, 2.43262, 33.4086, -0.000176505, -0.842447, 2.16825e-05
14.6816, 17.5121, 5.64785, 0.631394, 33.4444, -6.39711e-05, 2.30437, 8.09664e-05
14.4602, 17.352, 5.94657, 2.43878, 33.9734, 1.40621e-05, 7.76288, 0.000285387
14.6131, 17.5192, 6.69307, 4.36783, 23.071, 0.00014159, 3.98142, 0.000145133
14.3775, 17.197, 6.047, 3.00526, 34.3304, -6.40201e-05, -1.83562, 9.40043e-05
15.1191, 17.8844, 7.00409, 0.884409, 32.2751, -3.30815e-05, -6.83097, 4.05783e-05
14.8218, 17.6772, 6.6431, 0.585758, 32.7695, 0.000235298, -2.61999, 1.45305e-05
14.8853, 17.6551, 6.46357, 1.06562, 32.5669, -2.41449e-06, -8.6039, 0.000128027
14.3942, 17.3377, 7.2042, 4.25276, 23.3221, -6.18697e-05, 5.21536, 8.77001e-05
14.5949, 17.2252, 7.41356, 0.219163, 32.2036, -6.28377e-05, 1.51821, 5.85617e-05
14.9643, 17.7197, 6.33681, 1.40569, 33.217, -0.000133475, -6.64906, 4.5151e-05
15.1774, 17.9553, 6.30515, 0.819375, 33.0119, -4.77363e-05, -3.45158, 5.09545e-05
14.9066, 17.7251, 6.19556, 1.77354, 33.5614, -0.000162498, 5.19456, 0.000235106
15.021, 17.6998, 5.98806, 3.49805, 33.2764, -2.18395e-05, -9.82588, -6.71815e-05
14.5281, 17.383, 6.79388, 3.14596, 26.5362, -0.0001525, -1.14655, -0.000202429
13.8479, 16.7282, 6.42911, 2.26369, 33.807, -7.91598e-05, 2.89291, -3.84059e-05
14.627, 17.4561, 6.95915, 1.96537, 29.2057, 0.000169422, 1.07455, 8.68019e-05
14.856, 17.5846, 6.66396, 1.75242, 33.1877, -0.000131478, 8.8958, 4.85988e-05
14.6633, 17.5114, 7.20734, 4.54318, 22.3565, 0.000184841, -3.74401, 0.000110153
14.6743, 17.3594, 7.32704, 4.64211, 22.1162, 0.000238764, 5.81486, 0.000120349
14.9202, 17.742, 6.65326, 1.44562, 30.3661, 0.000143496, -0.53275, -4.4999e-05
14.9772, 17.7373, 6.93838, 2.45361, 28.1617, 0.00021085, -6.1135, -1.73424e-05
15.6145, 18.3476, 5.14753, 2.11036, 33.5373, -7.14904e-05, -3.39956, -7.79338e-05
15.2344, 17.8887, 5.05176, 3.82718, 34.8731, -0.000150639, -6.63214, 3.55331e-05
15.176, 17.8685, 6.37909, 0.857897, 32.7319, 4.51347e-05, -5.48624, 3.92944e-05
14.9626, 17.8027, 6.92771, 0.50348, 31.5735, 4.46248e-05, 1.13933, 3.60231e-05
14.6586, 17.4757, 7.06123, 2.22302, 28.6542, -1.08642e-05, -0.438787, 8.63219e-05
15.6226, 18.4475, 6.59431, 1.79983, 29.3252, 4.84045e-05, -1.70346, -6.70688e-05
14.0803, 17.0271, 7.2196, 0.995181, 32.7345, -0.000141236, -6.38235, -2.25138e-05
14.4092, 17.2039, 6.76338, 1.16723, 33.3145, 9.95042e-05, 0.634499, 7.77354e-05
14.9457, 17.7474, 7.40432, 0.825971, 31.7473, 8.02031e-06, -7.39826, -1.19618e-05
15.1881, 18.0018, 6.5381, 1.6282, 29.8905, -0.000157051, -2.34613, 0.000158906
15.0557, 17.8545, 7.37689, 1.20361, 30.3752, 7.17079e-05, -0.179238, 5.9875e-06
15.0377, 17.7692, 6.5961, 2.27203, 28.6801, 0.000124276, -5.8402, 0.000150676
14.4465, 17.2332, 7.22059, 0.715208, 31.203, 4.39977e-05, -2.03056, -0.000181318
14.7036, 17.4916, 6.7229, 1.26789, 33.1784, -1.89062e-05, 4.15307, -3.23265e-05
14.79, 17.6988, 7.42644, 0.480087, 32.2132, -0.000168462, -5.137, 0.000101316
15.2531, 18.0294, 6.25243, 1.73428, 33.1378, -4.5761e-05, -7.82183, -5.83867e-05
15.8442, 18.6883, 6.14831, 2.50426, 32.3696, -0.000222603, 7.36044, 5.46901e-05
15.6608, 18.3016, 6.36123, 0.475037, 32.0313, 4.74426e-05, -2.66305, 8.61513e-05
14.3358, 17.166, 5.7699, 0.42226, 33.3529, -4.18641e-05, -0.613317, -8.36308e-05
14.5288, 17.4167, 6.7084, 4.64255, 22.3115, 7.84507e-05, 3.82603, -3.02704e-05
14.4508, 17.4034, 6.41049, 2.42331, 33.639, -3.83453e-05, -7.67209, -8.95057e-05
15.134, 17.9412, 5.68746, 3.74702, 38.3554, -7.17588e-05, 0.175461, 8.54037e-05
14.9892, 17.7251, 7.42861, 3.56968, 24.9235, 7.12715e-05, 8.98922, 5.44219e-05
15.0957, 17.9593, 5.22799, 2.47786, 33.736, -4.32804e-05, 1.01387, -6.16506e-06
14.3611, 17.2407, 6.90294, 4.80644, 22.0096, 7.03893e-05, -5.50818, -0.000228461
14.7651, 17.6316, 6.80222, 2.75734, 27.3611, 6.07119e-05, -3.07357, 9.06902e-06
14.494, 17.1609, 7.24879, 1.71746, 29.6386, 8.65204e-05, 0.4874, -0.000139484
14.9499, 17.76, 5.83784, 2.43548, 33.6014, -6.46899e-05, 8.14665, -4.86415e-05
14.7549, 17.5157, 6.76051, 3.34866, 32.9003, -0.000141588, -6.25632, 0.000202511
15.2506, 18.1304, 5.05037, 3.87035, 32.8143, -8.72053e-05, -7.82892, -5.84101e-05
14.3751, 17.272, 7.54088, 3.87038, 24.5211, -1.59489e-05, -4.24137, -0.000100417
14.9938, 17.7142, 7.14065, 3.72672, 24.5224, -1.86838e-05, 5.50764, -7.54936e-05
15.1085, 17.831, 4.74816, 3.74414, 34.3033, -0.000103727, -5.94111, -0.000113757
15.0145, 17.7897, 6.88384, 0.813794, 31.4381, 9.8646e-05, 5.52971, 1.03629e-05
14.5758, 17.3395, 7.58321, 1.8947, 29.1027, 7.86606e-05, 0.914574, 0.000136592
15.0702, 17.8801, 6.84702, 0.878121, 32.3199, 0.000108113, 7.0804, -7.93852e-05
14.5191, 17.3814, 5.97094, 1.46375, 33.4199, -0.000163144, 8.53705, 3.45635e-05
14.7023, 17.6689, 6.91394, 3.98887, 23.8767, 0.000170933, 1.22672, -0.000137457
14.726, 17.5855, 7.18591, 0.883633, 30.9741, -1.33518e-06, 1.46989, -3.10856e-05
14.7551, 17.6115, 7.09826, 4.24176, 23.1442, 8.03347e-05, 1.82825, 5.25436e-05
15.1523, 18.0608, 6.64757, 0.876781, 32.5386, 5.5783e-06, -6.04071, -0.000105011
15.1273, 17.8707, 6.81372, 2.49489, 27.9177, 2.93064e-07, -0.573254, -1.89424e-05
14.6248, 17.4991, 7.16417, 1.51056, 33.1126, -7.10192e-05, -6.00696, 0.000132366
14.7971, 17.5485, 6.21193, 4.0448, 24.16, 8.70616e-05, 4.91858, 2.09436e-05
14.5779, 17.3578, 6.26226, 1.44427, 33.4606, -0.000111939, -7.76236, -3.71976e-05
14.7838, 17.5881, 6.22158, 2.07011, 33.6278, -6.30862e-06, 4.4309, 9.17847e-05
14.3788, 17.1878, 6.96978, 1.94308, 33.548, 0.000126912, 7.88981, 8.93256e-05
14.4251, 17.3107, 7.40572, 3.10666, 26.5251, 2.55976e-05, 2.28426, -3.98077e-05
14.6361, 17.3385, 5.61713, 2.93123, 33.8942, 1.12115e-05, -0.715366, 2.29466e-06
14.9421, 17.8565, 5.45725, 3.15043, 33.4441, 1.10955e-05, -1.16498, -3.21465e-05
14.8907, 17.7466, 7.51576, 3.40779, 25.4658, 5.61988e-05, -9.69576, 3.0879e-05
14.8179, 17.7285, 5.44206, 3.01329, 33.613, -8.14297e-05, 1.28049, 4.34368e-05
14.8634, 17.6698, 7.16199, 3.0512, 26.4769, -6.40479e-06, -9.52605, -1.65699e-05
15.0871, 17.9157, 6.59568, 1.13215, 33.0034, -3.57484e-06, -5.09678, 0.000125842
15.3414, 18.1533, 6.29949, 0.600372, 32.8959, -9.13546e-06, 1.68542, -8.58968e-05
14.4614, 17.2408, 6.68139, 0.697718, 33.0052, 8.20488e-05, 2.34238, 9.58529e-05
14.8982, 17.7866, 6.24593, 1.52434, 33.4084, 1.96481e-05, -1.68561, -3.0344e-05
14.8617, 17.6342, 7.36388, 1.54099, 29.7788, -7.0424e-06, -4.83347, -4.81671e-05
15.0089, 17.7926, 5.59541, 1.31484, 33.7279, -0.000215268, -2.20559, 7.11161e-05
14.6831, 17.5481, 6.7754, 0.433836, 32.0076, 0.000124236, 3.5879, 3.79682e-05
15.0495, 17.812, 6.76475, 3.16962, 26.0733, 0.000115662, -9.97409, 2.82871e-05
14.5122, 17.3267, 5.98985, 3.05265, 33.5293, -3.05065e-05, -3.60441, -7.50911e-05
14.8504, 17.877, 6.38438, 2.51103, 28.0779, -2.31203e-05, 1.06572, -0.000137104
15.1072, 17.8544, 6.80966, 0.288904, 32.2422, 2.31558e-05, 1.93119, 6.83132e-05
15.392, 18.2374, 5.88297, 1.27782, 33.2352, 4.19275e-05, 3.86481, 7.29571e-05
14.7342, 17.5595, 6.94272, 1.32764, 32.7809, -0.000145744, -8.63445, -6.13486e-05
15.06, 17.7701, 5.99178, 1.96778, 33.6651, 2.21207e-05, 1.69389, -0.000160288
14.5732, 17.3328, 7.12269, 0.490262, 31.6286, 0.000112536, -0.506695, -8.38758e-05
14.8914, 17.7053, 6.87891, 2.6832, 27.5084, -8.34746e-05, -2.15895, -0.000144705
14.9098, 17.7846, 6.93428, 0.555307, 32.7799, 0.000106065, -1.04608, 5.32855e-05
14.4113, 17.2925, 6.67601, 1.86534, 33.6, 6.80836e-05, 5.56652, 4.11508e-05
14.5842, 17.4948, 8.47869, 0.161326, 31.6978, -2.27056e-05, 0.577697, 3.24442e-05
15.0902, 17.7306, 7.28311, 2.26383, 28.2991, 0.000205059, 4.151, -0.000162537
14.9919, 17.8355, 7.4248, 1.92574, 28.9225, -0.000142276, -1.23291, 4.91632e-06
14.9706, 17.7072, 6.35443, 3.06964, 33.3166, -5.99237e-05, -9.51359, -1.70742e-06
14.7452, 17.5562, 7.45266, 2.00262, 28.8086, 0.000148808, 4.07972, -5.49295e-05
15.168, 17.8607, 6.14492, 1.83377, 33.2419, -5.84994e-05, 8.07591, -7.03869e-05
14.5544, 17.3649, 7.30982, 2.341, 28.253, 0.000124559, 0.479266, -3.6162e-05
14.9007, 17.732, 7.30628, 1.28198, 32.5257, 1.05954e-05, 9.83599, 0.000118257
14.4999, 17.3358, 6.46761, 1.72933, 33.7132, -0.000100136, 2.53356, 0.000100374
14.6052, 17.4549, 6.98687, 0.559616, 31.638, 4.11644e-05, -1.93508, -9.83426e-05
15.0369, 17.8148, 6.84094, 1.84157, 29.4502, 0.000182301, -5.94799, -6.21374e-05
14.1994, 17.1656, 6.66158, 5.23683, 21.1812, 0.000213081, 5.818, 7.08272e-05
15.2476, 18.0354, 7.10777, 3.29485, 25.5425, -0.000100897, -3.4933, -7.90197e-05
14.6699, 17.4728, 6.58921, 3.56753, 36.1439, -4.51064e-05, 8.80516, 2.46285e-05
14.3404, 17.1802, 7.85927, 1.14394, 30.3012, 1.35392e-05, 1.069, 0.000181428
14.7727, 17.7118, 6.44214, 1.77243, 33.2174, -4.23801e-05, -9.19943, -5.28148e-05
14.5973, 17.5128, 7.50337, 1.646, 29.5114, -2.45626e-05, -1.37701, 1.51859e-05
15.0267, 17.858, 7.02463, 3.95585, 23.7382, 0.000103849, 8.41283, 5.15742e-05
14.5701, 17.351, 6.24475, 1.69752, 33.7817, -6.2686e-05, 2.85842, 0.00014028
14.8815, 17.6889, 7.82673, 1.29085, 30.0599, 4.66658e-05, 2.79297, 0.000151133
15.0568, 17.8319, 4.51361, 3.17616, 33.9653, 2.3485e-05, -3.96571, 0.000126323
14.8912, 17.6314, 7.01138, 1.64975, 29.8755, 0.000125599, 3.80479, 0.000201239
14.7011, 17.5066, 6.20584, 1.34163, 33.5754, -7.51771e-05, 5.3428, -0.000148263
15.1835, 18.0932, 6.48592, 3.28032, 25.7916, -8.73593e-05, 7.39862, -5.25823e-05
15.1291, 17.9125, 6.13661, 2.32278, 33.2721, 1.26928e-05, -2.9878, 5.77747e-05
14.9918, 17.7828, 6.87897, 0.82661, 31.8164, 3.09822e-05, -6.81036, -8.22683e-05
14.8004, 17.6053, 7.27985, 1.26528, 30.3639, -8.95657e-05, 1.18685, 3.62994e-05
14.9931, 17.6881, 6.32127, 1.48917, 33.5198, 6.51551e-05, 0.271293, -3.87387e-05
15.0977, 17.8033, 6.82278, 1.91514, 29.3274, 4.2529e-05, -4.46769, 7.71387e-05
15.377, 18.1335, 6.17124, 0.643123, 32.006, 7.97321e-05, -3.50427, -1.44508e-05
14.9722, 17.7367, 6.25296, 1.10477, 32.9899, -5.4521e-05, 5.70947, 0.000141907
14.9276, 17.7279, 7.34551, 3.73458, 24.4746, 0.000138008, -5.30605, -1.42739e-05
14.7559, 17.5804, 7.23161, 2.21153, 28.5086, 0.000150789, 2.40153, 0.000140416
14.8105, 17.6364, 6.5053, 0.838861, 33.0517, 6.52266e-05, -3.51021, 5.99629e-05
15.1055, 17.9211, 5.25038, 2.56533, 33.7445, -0.000186234, 1.94898, -0.000276707
14.4433, 17.3132, 6.72463, 0.779536, 31.3972, 2.46191e-05, 3.65037, -1.00218e-05
15.0384, 17.9141, 5.90734, 2.64267, 33.3199, -3.36222e-05, -5.897, -4.69223e-05
14.4388, 17.3086, 6.80764, 0.762373, 33.0266, -0.000211341, 4.18889, -0.000104742
15.3796, 18.1682, 5.67244, 1.83281, 33.316, 4.88937e-05, -5.50575, 9.09785e-05
15.2722, 18.0922, 6.14797, 0.506764, 32.9476, 2.98788e-05, -1.45313, -2.17597e-05
14.9712, 17.7467, 7.31078, 2.2069, 28.6012, 9.21861e-05, -3.64998, -5.23794e-05
15.2176, 18.0705, 6.62045, 0.904681, 32.7907, 1.07891e-05, 4.71174, -0.000124461
14.6274, 17.3631, 5.85877, 2.9214, 33.9421, -4.94247e-05, 4.86079, -8.98373e-06
14.6172, 17.4522, 7.3734, 0.894824, 30.9113, 8.31094e-07, 2.2363, -0.000108587
15.156, 17.9208, 6.60996, 2.64086, 27.6635, 6.94343e-05, -6.29804, -3.33372e-05
15.5092, 18.308, 5.94207, 0.61341, 32.1911, -8.73956e-05, 3.05472, 4.39514e-05
15.3322, 18.1348, 6.31924, 1.64355, 30.0177, -7.06236e-05, 4.17168, 0.000109649
15.4226, 18.1492, 6.48906, 0.49814, 31.9867, -2.221e-05, -3.28614, 5.32847e-05
14.9198, 17.7662, 6.85753, 1.55304, 30.0149, -0.00011446, -1.81306, 7.86009e-05
14.7688, 17.5033, 6.5829, 1.66635, 33.5503, -3.91934e-06, 7.29097, -8.83471e-05
15.0416, 17.7296, 5.48386, 2.86855, 33.7365, -7.84315e-05, 4.94963, 8.3559e-05
14.9352, 17.7031, 6.74076, 3.99074, 23.9739, 8.71819e-05, -1.58438, 4.30779e-05
14.8083, 17.6294, 5.94533, 2.2643, 33.7529, 9.95701e-05, -3.48711, 7.35355e-05
15.6534, 18.4229, 4.54203, 2.94797, 33.128, -0.000131949, 3.20204, -4.76593e-05
14.5298, 17.4396, 6.92539, 1.17584, 33.1738, -7.04008e-06, -1.80995, -9.75063e-05
15.2663, 17.8568, 5.91388, 3.9024, 35.5567, -1.7029e-05, -7.76436, -0.000115878
14.9278, 17.8107, 6.94516, 1.50853, 29.9061, 0.000132336, -2.10775, -3.49471e-05
15.2672, 18.0503, 6.76469, 1.77385, 29.6347, 0.000111524, -6.20153, -5.97035e-05
14.5354, 17.4268, 6.36588, 4.21282, 23.8233, -3.56792e-05, 7.43341, 2.42465e-05
14.5901, 17.2943, 7.38295, 1.31717, 30.2202, -3.52609e-05, -2.32907, -5.49925e-05
14.6682, 17.5342, 7.49001, 2.0003, 28.8067, 1.3648e-05, 6.22008, -0.000126383
14.9457, 17.6529, 7.46809, 0.544865, 31.6979, -0.000207491, 4.87052, -4.54439e-05
15.059, 17.7126, 5.93794, 3.5763, 36.2321, -0.000239095, 1.08334, -2.91871e-05
14.8975, 17.7385, 7.21092, 2.43145, 27.9535, -4.95532e-05, 0.355635, 8.69478e-05
14.6284, 17.4486, 7.28214, 2.33379, 33.0982, -0.000186736, -9.61389, 1.59917e-05
14.514, 17.2686, 6.52766, 2.16876, 33.6822, -7.49258e-05, -8.83941, -3.41153e-05
14.8763, 17.7118, 5.5909, 2.5039, 33.9912, -0.000165776, 2.59893, 9.35646e-05
14.5118, 17.4208, 7.00714, 0.541957, 32.5333, 1.45241e-05, 4.16238, 0.000244248
14.3951, 17.2018, 6.41768, 0.358296, 32.8587, 8.91921e-05, -1.16602, 4.10475e-05
15.3561, 18.1171, 6.21279, 1.09025, 32.7471, -8.85988e-05, 6.70579, -5.73578e-05
14.533, 17.3862, 7.3205, 1.00773, 32.6023, -2.13348e-05, 8.287, 3.90107e-05
14.5618, 17.3618, 6.18847, 1.85311, 33.8044, -5.03646e-05, -3.53458, -6.25046e-05
14.266, 17.0769, 6.69306, 1.20296, 33.4227, -7.44015e-05, 0.0384348, 0.000124662
15.1253, 17.877, 7.13048, 2.47457, 27.7954, -0.000116768, 0.879088, -4.08471e-06
15.2605, 18.0581, 6.96209, 0.617327, 32.1397, -3.16622e-05, 4.3763, -0.00015692
14.844, 17.6065, 6.44247, 1.47325, 33.4813, -0.000137365, 5.66279, -0.000122534
14.8453, 17.6741, 7.28311, 3.03362, 26.3843, 1.96538e-05, 3.0205, -6.83861e-05
14.9832, 17.6898, 7.4781, 3.27371, 25.7237, 0.00011898, -7.30083, 3.23668e-05
14.8154, 17.5869, 6.0862, 3.36052, 26.2727, 2.56111e-05, 2.79384, -0.0001555
14.7437, 17.6063, 6.26472, 2.3734, 33.475, -8.52644e-06, 8.41971, 2.23196e-05
14.5497, 17.4203, 6.85586, 1.96506, 29.2777, 9.8715e-05, -1.14719, -6.84192e-05
14.9847, 17.8576, 6.78815, 3.69368, 24.8937, 5.94592e-05, -9.96402, -1.02378e-05
14.7862, 17.5859, 6.66458, 1.54943, 33.2871, -6.70881e-05, 4.92106, 3.82363e-05
14.719, 17.5431, 7.19231, 0.669142, 31.7033, -0.000111492, 5.80318, 1.37816e-05
14.8149, 17.6183, 7.1335, 2.68606, 27.5769, 0.000102465, -7.97183, 1.0177e-06
14.3781, 17.2234, 6.29646, 2.20074, 33.7841, -6.23287e-05, -9.51583, 0.000144928
14.8813, 17.7198, 5.81897, 1.61256, 33.7101, -3.22688e-06, 4.39166, -2.18328e-05
15.0047, 17.8475, 6.98688, 1.04269, 31.2187, 5.10304e-05, -7.58213, -0.000127555
14.5566, 17.3801, 7.07268, 3.9825, 24.2026, 0.000259867, 5.86616, -4.41831e-05
15.3252, 17.9921, 4.35218, 3.31975, 33.5644, 7.76942e-05, -2.23345, -0.000132474
14.6109, 17.4515, 7.15394, 2.71158, 27.5131, 1.69924e-05, 3.97545, 0.000106314
15.1178, 17.8959, 7.06479, 3.14954, 26.2334, -7.99034e-05, 9.4237, -5.71788e-06
14.9472, 17.7375, 6.07447, 2.19064, 33.546, -9.13556e-05, 6.47175, -8.62465e-05
14.665, 17.4801, 6.36638, 4.47199, 23.0457, 2.1184e-05, -0.429622, -0.000154121
14.8392, 17.7272, 6.21135, 3.23323, 33.1971, 3.32348e-06, -0.739712, -5.68841e-05
14.9363, 17.7309, 6.34495, 1.57725, 33.4848, -4.17264e-05, -5.66932, -4.02912e-05
14.665, 17.6269, 7.1032, 2.71617, 27.3981, 9.95217e-05, 6.33126, -5.07266e-05
15.6032, 18.3248, 5.02182, 3.53013, 32.6007, -5.82028e-05, -5.94513, -0.000107121
14.6791, 17.4608, 6.40816, 0.992039, 33.3531, -6.69514e-05, 1.38844, -1.45759e-05
14.5319, 17.3124, 7.36522, 2.1819, 28.583, -7.55614e-07, -1.0031, -9.43197e-05
14.8082, 17.592, 6.06041, 2.95176, 33.5873, 1.478e-05, -0.197187, 3.0636e-05
