14.8646, 17.7083, 5.14683, 0.734643, 26.1174, 7.02245e-05, -4.50033, -7.76409e-06
14.8588, 17.6742, 5.39234, 1.29871, 26.6442, 8.41713e-05, -4.71495, -8.36771e-05
14.5606, 17.2971, 6.25093, 1.85817, 23.5923, 7.41325e-06, -9.59306, -6.35227e-05
14.2816, 17.067, 6.0727, 3.09178, 20.8337, 0.000141943, 8.70189, 0.000383876
15.1814, 17.8705, 4.07036, 1.65916, 27.1823, -6.25547e-05, -0.970178, 9.15431e-05
14.5787, 17.4094, 5.07698, 1.34167, 27.048, -7.8816e-05, -5.40348, 5.76795e-06
15.0076, 17.7377, 4.8342, 2.05738, 26.8643, -4.99572e-05, 5.72068, 0.000181437
14.544, 17.2731, 4.7858, 1.46995, 27.2633, -2.11424e-05, 5.32887, 3.96636e-05
14.8856, 17.7393, 5.68531, 3.08923, 20.403, 3.73006e-05, 8.32934, 0.000140512
14.2863, 17.0313, 4.87969, 1.07685, 27.2954, 0.000121019, 4.4035, 0.000355837
15.0308, 17.7832, 5.43261, 3.77196, 18.5225, 0.00016159, 3.28641, -5.48925e-05
14.5064, 17.3456, 5.93984, 4.41265, 16.7621, 0.000147995, 4.01375, 9.22758e-06
14.4014, 17.2639, 5.15358, 4.35396, 17.4738, 0.000102705, -1.41564, 5.93743e-05
15.2071, 18.0195, 4.42931, 1.79098, 26.9385, -2.38572e-05, -3.16168, 0.000144351
14.8675, 17.6828, 6.1312, 1.25455, 24.2549, -5.48292e-05, -1.81537, 8.10029e-05
14.453, 17.2676, 5.9164, 1.01322, 25.1279, 0.000146213, 6.63626, 0.000191368
15.0743, 17.8387, 4.54515, 4.06692, 27.1016, -1.0003e-06, -8.24708, -4.78941e-05
14.466, 17.2248, 5.92005, 1.67995, 23.8303, 0.000175837, -5.02948, -0.000108911
15.1618, 18.107, 5.43739, 3.30974, 19.5951, 0.000136424, -3.01368, -0.000204272
15.3791, 18.0638, 5.7408, 0.864698, 24.9914, -5.10064e-05, 2.52815, -3.45915e-05
14.7152, 17.4629, 5.27942, 0.777316, 25.622, -0.000159996, 4.24298, -4.21212e-05
14.7446, 17.544, 6.21371, 3.99026, 17.7744, 0.000174339, 7.57825, -6.14928e-05
15.1477, 17.9018, 4.55563, 3.57393, 19.2699, 8.22389e-05, -0.875495, 0.00011204
14.9115, 17.7243, 5.06987, 1.286, 26.8667, -5.85304e-05, 2.43832, -5.8181e-05
15.4726, 18.3753, 3.46058, 2.36945, 26.5328, -0.000105064, -1.46185, 1.77921e-05
14.6109, 17.4811, 4.61578, 1.20407, 27.2646, -0.000115865, -1.06163, -5.33389e-05
14.9117, 17.732, 4.18309, 2.40275, 27.1176, -8.59245e-05, -4.01173, -9.35967e-05
14.7048, 17.2978, 4.39376, 3.26505, 29.432, 6.0517e-05, -1.56967, 0.000101183
14.8097, 17.5909, 5.70549, 1.49291, 26.3838, -0.000114675, 8.51379, 0.000122449
14.9922, 17.8871, 4.71983, 1.91444, 26.835, -5.65935e-05, 3.78687, -3.98414e-05
14.9175, 17.8076, 5.61177, 1.16966, 26.114, 0.000106417, 6.88746, -4.15356e-05
14.9143, 17.7325, 4.2432, 2.03652, 27.1274, -5.2845e-05, -3.93835, -1.34517e-05
14.7021, 17.5237, 4.48957, 1.89821, 27.2239, 5.83725e-05, 0.709431, 5.72273e-05
14.7852, 17.5697, 5.32049, 3.38487, 19.8502, -5.10732e-05, 2.02107, -4.41572e-05
15.02, 17.621, 5.98071, 1.37809, 24.4215, -3.26291e-05, 6.52073, 1.80361e-06
15.1881, 17.8959, 4.5427, 0.887326, 26.93, -7.14441e-06, 3.08659, 4.21214e-05
14.7754, 17.6501, 5.57329, 2.57673, 21.7816, 0.000131128, -1.38555, 7.85271e-05
15.3504, 18.1117, 5.21536, 2.99171, 20.6495, -6.81142e-05, -0.127995, -2.06485e-05
15.1102, 17.9119, 5.36675, 1.43339, 25.1953, -6.71664e-06, 8.40594, 4.0263e-05
14.7919, 17.5372, 5.34843, 0.910132, 25.2885, -1.32426e-05, -3.91568, 6.20937e-05
15.0356, 17.8675, 3.9998, 2.38838, 26.9759, 0.000110885, -2.24752, -0.000152366
14.8647, 17.7052, 4.27851, 1.72702, 27.3265, 0.000103324, -1.45205, -7.37008e-05
14.6344, 17.4577, 3.74149, 0.857283, 26.1933, 3.64559e-05, -0.404258, -0.00017335
15.0614, 17.7844, 5.20259, 0.555893, 25.5985, 5.14567e-06, -0.401168, 9.58931e-05
14.4022, 17.3604, 5.74042, 1.40419, 26.2584, 4.14403e-05, -9.23096, -0.000128851
14.4532, 17.2177, 6.47038, 2.9638, 20.7699, 9.12457e-05, 7.79881, -2.80205e-05
14.6824, 17.3344, 5.87008, 3.51873, 19.4388, 0.000228017, -0.677107, 8.04119e-06
14.5833, 17.3938, 4.92673, 0.820363, 26.6146, 6.10799e-05, 5.05659, -4.41807e-05
15.3878, 18.228, 3.07392, 3.98663, 25.2381, -0.00023069, 4.8676, 4.70563e-06
15.2163, 17.9242, 5.75356, 0.689026, 25.8211, 9.81552e-05, 4.06057, -0.000101162
14.9214, 17.8186, 5.06783, 2.34298, 22.4299, 0.000175828, -1.99731, 3.80541e-05
15.063, 17.874, 4.79086, 1.5085, 26.6663, -3.04885e-05, 6.89999, 0.000121075
15.1614, 18.069, 5.51311, 1.5293, 23.946, -5.83444e-05, -2.30914, -7.48298e-05
14.9868, 17.8153, 5.88839, 4.19203, 17.2293, 4.07525e-05, -9.53153, -7.4981e-05
14.0863, 16.9437, 5.49948, 0.10341, 26.2713, 0.000139695, 0.634139, 4.17179e-08
15.1548, 17.9536, 4.81864, 1.75972, 26.5812, 7.52113e-05, -6.55082, -0.000282219
14.6487, 17.3521, 6.0811, 1.51994, 24.1108, 1.71642e-05, -4.50559, -1.06872e-05
14.887, 17.5946, 5.93571, 1.37704, 24.2888, 0.00010132, 3.41251, 3.27898e-05
15.4654, 18.2086, 3.37694, 3.63244, 25.5084, -8.37062e-05, 3.48846, 0.000134492
14.4576, 17.3181, 5.59319, 1.86916, 23.7382, 0.000142977, 8.68212, 7.80284e-05
15.3343, 18.1483, 4.48159, 1.48356, 26.8129, 3.92004e-05, -2.02943, 3.27827e-05
15.0282, 17.7284, 6.16712, 1.45059, 25.8104, -0.000237071, 9.5589, 0.000154357
14.6583, 17.4313, 4.97011, 0.347819, 26.2071, -0.000159208, -1.37186, 9.78796e-06
15.3791, 18.2276, 5.53364, 1.25252, 25.4095, -3.0206e-05, 5.85589, -8.19537e-05
15.4639, 18.1399, 3.11688, 3.92845, 25.4157, -4.74191e-05, -4.47716, -1.70783e-05
15.0783, 18.033, 4.90238, 1.31262, 26.6861, -3.19179e-05, -2.51281, 4.49658e-05
14.6625, 17.469, 4.87654, 0.293058, 26.7142, 3.27406e-05, 1.47884, 0.000150975
15.0297, 17.6558, 5.52454, 0.913797, 25.2965, 7.39189e-06, 3.6267, 6.31706e-05
15.3037, 18.1898, 5.4779, 0.780109, 25.8465, 7.39451e-05, -3.78335, -7.34052e-05
14.1607, 16.9802, 5.61516, 0.415956, 26.0977, -6.02537e-05, 3.59291, -9.59948e-05
14.7438, 17.5322, 6.04959, 2.798, 21.3374, 0.000186051, 7.84662, 5.77862e-05
15.0438, 17.9615, 5.38934, 1.90117, 23.1213, 9.62941e-05, -0.707571, 9.64339e-05
14.4741, 17.3129, 5.88614, 3.32283, 20.1032, 8.00607e-05, -4.47829, 7.07489e-05
15.248, 17.9703, 5.66037, 0.838739, 25.9824, -2.73234e-05, 4.42665, 8.56554e-05
14.6667, 17.479, 5.74337, 2.21846, 22.7715, 6.03686e-05, 5.85805, -3.49566e-05
14.5663, 17.3589, 5.17907, 1.36413, 26.8909, -0.000205167, 7.20649, -0.000114371
14.8509, 17.6248, 5.37352, 1.44451, 24.8603, 4.87003e-05, -7.92048, -1.33451e-05
15.0315, 17.8411, 5.5337, 1.42528, 25.4236, 6.59732e-07, -9.3104, -2.85102e-05
14.7848, 17.7002, 4.76585, 2.00023, 26.8755, -0.000111757, -5.18758, 5.15263e-05
15.5288, 18.29, 5.724, 3.30754, 20.7001, 0.000109033, 6.18172, -0.000130847
14.968, 17.6598, 4.80875, 1.55577, 27.1462, 5.36241e-05, -0.0583357, -9.27394e-05
15.0606, 17.9692, 3.92707, 1.66397, 27.1949, 9.62537e-05, -0.166652, -0.000110598
15.0175, 18.0227, 5.48183, 0.994076, 24.9757, -7.476e-05, 3.13297, -3.67476e-05
14.9611, 17.8685, 6.54409, 3.15233, 19.9857, -5.08488e-05, -9.01375, 0.000103848
15.2285, 17.9921, 5.64341, 2.32419, 22.4038, 0.000235484, 5.87428, -2.83491e-05
14.994, 17.8793, 5.943, 1.51699, 24.7443, 0.000338348, -8.86135, -1.66188e-06
15.2565, 17.9197, 5.27616, 2.21111, 22.7644, -3.27205e-05, 1.76439, -0.000109844
14.7953, 17.637, 5.50281, 1.18995, 25.7774, -9.95623e-05, 8.23378, 3.57302e-05
15.4723, 18.2734, 3.24988, 3.66033, 25.126, -0.000147903, -2.83034, -9.93735e-05
14.9998, 17.7594, 4.62819, 3.34407, 26.4559, -3.59375e-05, -6.67758, -7.32957e-05
14.7803, 17.5849, 6.36036, 1.05502, 24.4928, 2.99697e-07, -1.04489, 9.36508e-05
15.0973, 17.9512, 5.06041, 0.818943, 25.3233, 3.57949e-05, -0.141903, -0.000324677
15.5138, 18.3403, 5.57019, 2.22096, 22.3655, 6.69171e-05, 2.52285, 9.95788e-05
14.7209, 17.4762, 5.64318, 2.38504, 22.586, 0.000262936, 8.19027, -1.05787e-05
15.7846, 18.4335, 5.08591, 0.285001, 26.0929, -1.90435e-05, 1.12694, -0.000101452
15.0556, 17.751, 5.41517, 1.36624, 26.2633, -1.35878e-05, 8.14846, 0.000128425
14.7591, 17.5114, 6.05864, 3.6103, 18.8976, 7.82492e-05, -2.02509, -5.48486e-05
14.8556, 17.7364, 4.61355, 1.95728, 26.9814, -4.20732e-05, -2.10019, -0.000117593
14.8478, 17.6055, 5.04487, 1.21019, 26.9154, -0.000254991, -5.69421, -0.000278837
14.6827, 17.4674, 4.19635, 2.08588, 27.4529, -2.78811e-05, -0.894465, 6.48715e-06
14.6847, 17.5483, 4.61938, 2.90326, 26.8431, -0.000194517, 4.69191, -0.000163809
14.2235, 17.0258, 5.40933, 0.683371, 26.1642, -0.000108006, -6.40545, -2.1046e-05
14.7165, 17.549, 5.66735, 3.56693, 19.1694, 2.11319e-05, 1.32945, -1.50853e-06
16.0058, 18.7692, 5.71923, 2.26962, 23.4677, 0.000101471, 7.25371, 0.000182143
14.5228, 17.3506, 4.83928, 3.00161, 27.1904, 2.94601e-05, -6.00335, -3.66354e-05
14.578, 17.3968, 5.67067, 0.766211, 26.5979, -0.000241844, -3.49385, -0.000129564
15.0836, 18.0015, 5.68437, 1.54282, 24.5813, 5.44212e-06, -7.75981, 7.14938e-06
15.1812, 17.9122, 4.45339, 1.61221, 26.8682, 4.45324e-05, -4.94267, -9.93592e-05
14.7149, 17.5486, 5.27909, 0.857051, 26.0302, 0.000110138, -6.27461, 8.48724e-06
15.4073, 18.1733, 4.8131, 0.771314, 25.963, -9.24487e-06, -3.54136, -1.17592e-05
14.3676, 17.207, 5.28129, 2.78546, 21.7691, 1.84059e-05, 6.20043, -7.40205e-05
14.8289, 17.5949, 5.57464, 3.7306, 18.7502, -1.40904e-05, -2.99604, -2.26382e-05
15.276, 18.0589, 3.96437, 3.61101, 25.5363, -0.000183312, -3.38068, 7.89831e-05
14.5221, 17.2926, 5.03378, 2.46877, 22.6543, 0.00014738, -6.17207, -0.000351731
14.7251, 17.6031, 4.24542, 2.41873, 27.219, -0.000113497, -2.22921, 5.74366e-05
14.8415, 17.7482, 6.13918, 1.56205, 24.416, -3.72851e-05, -8.57614, 2.5677e-05
14.7875, 17.562, 6.12998, 2.39283, 22.2578, 7.72058e-06, -9.23646, -2.34581e-05
15.3107, 17.9932, 4.12215, 1.69754, 27.071, -0.000101102, -0.896472, -0.000148469
14.1776, 16.9789, 5.92874, 3.9466, 18.852, 1.56215e-06, 6.73594, -1.98497e-05
15.242, 18.1078, 3.7312, 2.77549, 26.4148, -8.45549e-05, 2.96104, 0.000194407
14.1265, 16.9883, 5.18061, 1.31032, 27.2508, -0.00012227, 3.13361, -5.67419e-05
14.4031, 17.2181, 5.19895, 2.2165, 27.1727, -2.85932e-05, 6.43709, 4.87588e-05
14.7579, 17.5804, 5.11614, 1.03944, 25.2182, -3.78451e-05, -3.13999, -2.49878e-05
14.1048, 16.8182, 6.29538, 4.58124, 17.0975, 4.66019e-05, -9.84414, 7.884e-06
15.2386, 18.1273, 4.47828, 0.750281, 25.6678, 0.000100706, 0.0465247, -7.32865e-06
15.3212, 18.1294, 4.94806, 1.86243, 25.8531, -8.71611e-05, -9.09527, -4.41574e-05
14.1882, 17.1936, 6.27371, 3.51411, 19.6716, 0.000128408, -9.28392, -6.11169e-06
15.245, 18.0239, 3.18948, 3.33899, 26.1968, -0.000257556, 1.8006, 1.39118e-05
15.4304, 18.2029, 4.26036, 0.773647, 26.9699, -0.000125949, 1.01398, -4.30967e-06
14.8417, 17.5777, 5.9735, 0.068019, 26.0941, 0.000151549, 0.353969, -2.3862e-05
14.6417, 17.4753, 5.50345, 1.04057, 25.8203, -0.000117189, -7.70778, -6.92385e-05
14.5632, 17.3626, 6.07133, 1.28981, 24.8631, -0.000121897, -8.81025, -6.56852e-05
14.4936, 17.2785, 5.34729, 0.844394, 26.7753, -4.94471e-05, -4.48094, -4.30182e-05
14.3679, 17.2574, 4.77527, 2.91405, 27.2283, 3.46369e-05, 5.94344, -9.43752e-05
14.0469, 16.9826, 6.03846, 0.322444, 25.8419, 0.000126061, 2.13786, 7.08805e-05
14.6032, 17.4232, 5.7765, 2.43933, 22.4344, -7.66838e-05, 7.08199, -0.000103722
14.9306, 17.7525, 4.51177, 3.36152, 26.4753, 8.75025e-05, 7.804, 7.77798e-05
15.3879, 18.1415, 5.96717, 2.46014, 21.8515, -5.14645e-05, -5.32851, 9.86255e-05
14.5621, 17.3691, 6.18228, 1.32594, 24.1292, -5.21403e-05, 1.43331, 8.20576e-06
14.5533, 17.3083, 4.51518, 2.74604, 27.3848, 1.26726e-05, 7.15861, 2.30471e-05
15.1631, 17.9948, 4.85006, 2.20578, 26.6391, 7.14211e-05, -8.18742, -2.92986e-05
15.0423, 17.8524, 5.15506, 0.969665, 26.6933, -3.64844e-05, 2.07904, -4.58742e-06
14.5407, 17.4004, 4.82281, 2.1366, 27.2166, -0.0001955, -4.3955, 4.52169e-05
14.5316, 17.2036, 5.10988, 3.49927, 30.3579, -0.00034937, -9.70795, -8.44977e-05
14.5785, 17.408, 5.67402, 1.55534, 24.0219, 4.52869e-05, -0.929174, -5.58334e-05
15.0994, 17.8477, 5.51192, 3.40404, 19.3614, 0.000151297, 1.31689, 0.000160257
14.7591, 17.6872, 5.18473, 0.530205, 26.5486, -7.96488e-05, 0.120476, -0.000101543
14.9797, 17.855, 5.03141, 1.33389, 26.5722, -1.04404e-06, 6.93549, 5.28005e-05
14.8623, 17.8166, 5.46774, 1.27451, 25.3888, 0.000105158, -8.19543, 2.60256e-05
15.0182, 17.8557, 5.88227, 1.58957, 25.9684, -9.38692e-05, 9.33361, 0.000129018
14.7008, 17.4475, 4.46915, 2.13375, 27.3058, -4.49113e-05, 0.177142, 1.52036e-05
14.9672, 17.7929, 5.24358, 1.60588, 23.9789, -4.34029e-05, -0.72738, -7.43503e-05
14.5843, 17.4033, 5.42045, 1.34398, 24.5295, 2.22099e-05, 2.43928, -9.59903e-05
14.6635, 17.3911, 5.37507, 0.305444, 26.5731, 2.54657e-05, -1.13142, -3.45935e-05
15.0149, 17.9099, 6.07329, 3.08697, 20.2642, -1.61664e-05, -6.18065, 1.55455e-05
14.3947, 17.3593, 5.51311, 0.71102, 25.4893, 0.000173368, 2.3531, 5.53122e-05
14.6861, 17.5836, 6.18881, 3.58372, 19.0713, -7.01345e-05, -8.04016, -0.000129948
15.0435, 17.8881, 4.59838, 2.30751, 26.5887, 2.24487e-05, 1.07716, -5.59443e-05
15.0607, 17.89, 5.50096, 1.22001, 25.1681, 0.000551414, 6.31203, 3.5268e-05
15.2692, 17.914, 5.54232, 0.401635, 26.1587, -1.22897e-05, -2.00216, -6.57214e-05
14.8495, 17.6513, 5.45236, 1.38374, 26.4768, -0.000164283, 8.33222, 3.64868e-05
15.0387, 17.8753, 4.83855, 1.80714, 26.774, 6.0284e-05, -6.30454, -8.09659e-05
14.2688, 17.0999, 6.05784, 1.9573, 23.1705, -2.25207e-05, -0.526275, 9.9318e-05
15.0968, 17.8296, 5.26384, 3.92189, 33.1358, -0.000115144, 6.57381, 7.59989e-05
14.9087, 17.6223, 4.91401, 1.55294, 26.7541, 0.000106497, 9.23563, -5.44283e-06
14.7704, 17.5562, 5.46213, 2.25676, 22.7541, 1.13314e-05, 4.53874, -4.64715e-05
15.2439, 18.0698, 4.04626, 2.2419, 26.6661, 0.000108506, -1.78618, 0.00017741
15.5905, 18.3312, 6.23825, 3.04639, 20.3385, 0.000165447, 8.951, -6.88794e-05
14.6663, 17.5171, 5.68414, 1.59026, 23.996, 0.000294881, -2.65924, -1.29555e-05
15.2742, 18.0393, 3.82594, 3.19201, 26.2026, -9.65105e-05, 5.0145, -0.000126914
14.5779, 17.5087, 4.97064, 1.61977, 27.1368, -3.0526e-05, -3.09721, 7.03176e-07
14.6206, 17.3733, 5.9305, 3.41562, 19.6459, 0.000298242, -5.38693, -2.59422e-05
14.4722, 17.3289, 5.60163, 3.16601, 20.6561, 9.1948e-05, -5.11288, -6.82307e-05
15.1155, 17.8305, 5.26762, 1.80156, 23.6443, -3.55405e-05, -3.17322, -2.97491e-05
14.6531, 17.5194, 4.39094, 2.50322, 27.0945, -9.94612e-05, -6.35796, -6.41107e-05
14.9149, 17.7933, 4.86846, 1.96227, 23.7016, 0.000184225, 5.11951, -0.000161815
14.505, 17.3187, 6.26483, 2.30387, 22.3281, 4.95389e-07, -4.2573, 7.77342e-05
15.4102, 18.1478, 4.48777, 0.97155, 26.0505, 7.17789e-05, 4.75227, -1.59753e-06
15.0001, 17.7629, 5.55675, 0.81012, 26.1018, -4.50118e-06, 5.26543, -9.32752e-05
14.4226, 17.3183, 5.11769, 0.870228, 26.889, -4.25886e-05, -3.39867, -0.000100095
14.7265, 17.6048, 5.77382, 2.52744, 21.8858, -0.000119767, -1.39663, 5.95963e-05
14.9228, 17.7281, 5.90069, 1.95129, 23.3778, 0.000143918, -8.17319, -8.64866e-05
15.2359, 17.9617, 4.86378, 1.13069, 25.0538, 0.00022201, -1.74518, 8.65086e-06
15.1535, 17.939, 3.69041, 2.27204, 26.9991, -1.69369e-05, 2.76517, -3.07027e-05
14.9006, 17.6914, 5.65401, 2.83951, 21.0708, -3.77506e-05, -2.52423, 0.000186371
14.9851, 17.6845, 5.62078, 0.343034, 25.8572, 0.000144992, 1.50261, -8.92405e-05
15.0943, 17.9023, 4.79227, 1.45777, 26.8364, 6.34756e-05, 1.57219, 7.8834e-05
14.9603, 17.748, 4.7618, 3.98057, 25.5267, -0.000126841, 9.96243, 6.31738e-05
14.7222, 17.5488, 6.13001, 4.81727, 15.3581, 0.000216597, 9.77115, 3.5495e-05
14.4465, 17.3632, 5.3852, 4.61671, 16.3313, 0.000140578, -0.680959, -1.2657e-05
15.1808, 17.9686, 5.42515, 2.6209, 21.6716, -2.35559e-05, 5.21261, 3.41753e-05
14.6912, 17.4403, 4.65022, 2.80919, 27.1262, -0.000144478, -5.48419, 0.000184113
14.9765, 17.6058, 6.53222, 2.57949, 21.6313, -4.01621e-05, -8.5361, -0.000165804
15.2575, 17.8752, 3.33307, 3.29348, 26.5192, -0.000228021, 2.11711, 0.000100706
14.3857, 17.2115, 4.39833, 2.68103, 27.5356, -2.93685e-05, -0.480926, 0.000102055
14.9602, 17.6653, 5.64848, 1.34602, 24.9761, 3.96834e-05, 7.99717, 2.63234e-05
15.6104, 18.3986, 3.14198, 2.42092, 26.5206, 2.5921e-05, -1.16066, 5.16197e-05
14.9516, 17.8145, 5.34981, 1.35973, 26.3017, -2.3155e-06, -7.03296, 2.56481e-05
15.0418, 17.8276, 5.0685, 3.25091, 26.1539, -0.000101742, 7.42287, -5.38647e-05
14.3151, 17.1242, 4.77775, 0.954333, 27.278, 7.12525e-05, -2.76226, 4.9984e-05
15.4583, 18.1596, 3.12892, 3.23614, 25.9266, 5.64101e-05, -0.143182, -4.88326e-05
14.2902, 17.2775, 6.35959, 2.10517, 22.9712, 8.70321e-05, 7.83483, 2.25423e-05
14.6311, 17.386, 5.49591, 1.99221, 26.8149, -0.000203873, -4.85479, 9.7775e-05
14.6376, 17.4246, 5.90476, 1.85066, 23.3141, 0.000217306, 0.240641, 3.44624e-05
15.775, 18.6495, 5.46488, 2.74493, 21.3913, 0.00021487, -5.35073, -4.14345e-05
14.7957, 17.5805, 6.10864, 1.27883, 25.4395, 1.25782e-05, 9.57556, -6.18369e-05
14.6598, 17.4756, 4.38339, 2.78249, 27.1585, -6.90466e-05, 6.64876, 0.000195906
14.3993, 17.2668, 5.79087, 1.89385, 23.3965, 9.21127e-05, -1.60388, 5.11012e-05
15.0485, 17.8289, 5.08699, 2.55969, 22.0649, 0.000102982, 4.1203, 1.1475e-06
14.3991, 17.1949, 5.71839, 1.85713, 23.691, -5.33635e-05, -6.92852, 7.88267e-05
14.5821, 17.4824, 4.12996, 2.28617, 27.4245, -0.000106357, -3.69098, 5.44944e-05
14.3613, 17.2138, 5.54996, 0.511544, 25.6334, 2.59487e-05, -1.28631, 0.000199576
14.4519, 17.3368, 5.06033, 0.924644, 26.3065, 5.53822e-06, -7.22317, 2.62063e-05
15.497, 18.2809, 4.39497, 2.83471, 26.074, -0.000101908, -5.85299, -9.78829e-05
14.2661, 17.0948, 5.49471, 2.47891, 22.362, -0.000133248, 6.48935, 0.000210856
15.4611, 18.2645, 5.69177, 1.19407, 25.7768, -1.5513e-06, -5.42574, -9.75502e-05
15.0897, 17.9685, 4.20537, 3.94705, 30.1557, -0.000140674, 5.18746, -3.22434e-05
14.8048, 17.6225, 6.31756, 3.82665, 18.1066, 8.49995e-05, 6.02321, -9.34635e-06
15.006, 17.7486, 5.16379, 2.05942, 26.792, -0.000105889, -6.05594, 1.85088e-05
14.8767, 17.6194, 5.29709, 1.93076, 26.6419, -7.05734e-05, 8.76965, 0.000158639
14.6936, 17.5287, 5.73213, 2.08026, 23.1754, -0.00011917, -9.32277, 2.30205e-05
14.38, 17.3349, 5.18722, 0.610882, 26.7842, 6.59001e-05, 0.424935, 8.47816e-05
14.6711, 17.3923, 5.70281, 2.87308, 21.0758, 7.44359e-05, -2.90412, -0.000128601
14.6606, 17.6309, 6.4094, 3.88377, 18.1077, -5.54425e-05, 9.79514, -0.000114277
15.1593, 17.9968, 6.18838, 1.34477, 24.2046, 8.53782e-05, 4.92121, -8.52943e-06
15.0053, 17.8924, 5.23998, 3.89122, 18.279, -1.58965e-05, 6.61005, -0.000207782
14.9507, 17.8474, 4.73875, 0.470082, 26.6446, 0.000108798, -2.23505, -8.22646e-05
14.9977, 17.9204, 4.91212, 1.3896, 24.4794, -2.99799e-05, -0.475599, -0.000143934
15.1096, 17.893, 6.66703, 1.55789, 25.4466, -8.46613e-06, -9.89789, -0.000156638
14.7766, 17.6006, 4.27844, 2.27161, 27.192, -8.39572e-05, -0.986467, 6.98299e-06
14.3753, 17.1134, 5.78058, 2.08365, 23.151, 6.542e-05, -6.73926, -3.46373e-05
14.6198, 17.3557, 6.09087, 1.84208, 23.3228, 0.000212728, -0.79232, 0.000283217
14.8303, 17.7147, 3.72542, 2.53753, 27.2464, -0.000100239, -4.35126, -9.24949e-06
14.1116, 16.9928, 5.36566, 1.6873, 24.0487, 2.85532e-05, 4.96683, 5.59979e-05
14.8766, 17.7163, 3.48809, 2.89886, 26.9965, -1.06055e-05, 0.799323, 0.000185594
15.0831, 17.8564, 4.6612, 2.55933, 26.6511, 4.34224e-06, -5.76688, 0.000133076
14.6325, 17.4387, 5.91205, 1.23986, 25.9151, -2.76065e-05, 9.93222, 1.02036e-05
14.2102, 17.0926, 5.26983, 0.539018, 26.2571, -0.000129145, -4.75261, 0.000119473
15.3497, 18.1399, 4.58663, 1.63701, 26.7691, -7.00479e-06, 4.77288, -2.06858e-05
14.9292, 17.8188, 5.4539, 1.67239, 26.0686, -4.18234e-05, 9.84725, -4.72565e-05
14.6033, 17.369, 3.64475, 2.93079, 27.4404, -0.000217183, -1.03692, 2.44603e-05
15.1418, 17.9679, 5.78879, 1.62978, 26.032, -0.000127459, -8.69279, -0.000155261
15.1177, 18.0498, 5.88836, 1.97142, 23.7298, -4.21084e-05, 9.42446, 0.000130409
15.0395, 17.8593, 5.85192, 2.31414, 22.185, -8.13709e-05, 3.23859, -4.07842e-05
15.4005, 18.1983, 4.62821, 2.41569, 26.3664, -7.00845e-05, 5.25579, 5.70415e-05
15.003, 17.851, 3.91083, 2.10769, 27.2542, -9.29687e-05, 0.977082, 8.78664e-05
14.8459, 17.733, 5.08314, 1.91753, 26.5839, 3.27727e-06, 8.80073, -3.58941e-05
15.122, 17.9284, 3.76088, 3.76162, 25.572, -2.85496e-05, 4.97617, -4.09037e-07
14.8754, 17.672, 5.61234, 3.62604, 18.9064, -8.94507e-06, -4.06424, 1.21707e-05
14.6478, 17.568, 4.22725, 1.52346, 27.4427, -0.00021194, 2.70598, 0.000231152
15.2929, 18.0403, 4.198, 1.81992, 26.8985, 0.000108917, -5.42445, -3.6205e-05
14.902, 17.7362, 4.31903, 1.13906, 27.1612, -0.000177069, -0.303967, -0.000116293
15.0689, 17.8674, 4.57757, 2.96303, 26.717, -0.000240058, 9.94675, 5.31441e-05
15.1032, 17.8034, 5.31182, 1.43043, 26.2689, -0.000113201, -7.51675, 1.94553e-05
14.5822, 17.3797, 5.33314, 0.841022, 26.5095, -1.25934e-05, 5.70084, -6.01747e-05
14.8557, 17.6282, 5.80983, 0.486994, 26.2227, -0.000130057, -2.83296, -3.02499e-05
15.246, 17.9733, 4.3522, 3.03871, 25.9455, -7.19435e-05, -1.64417, -4.75042e-06
15.4564, 18.2311, 6.0696, 3.36387, 19.6543, -0.000112431, -9.28168, 9.19461e-05
15.055, 17.8103, 4.42046, 1.11342, 27.0488, 2.8853e-05, -0.991105, -2.26886e-05
15.0509, 17.8575, 5.29291, 2.22408, 23.1731, 4.23432e-05, -8.80744, -1.2317e-05
14.606, 17.4494, 6.24985, 1.35421, 24.07, 0.000213727, -4.02973, -4.4901e-05
14.6626, 17.4489, 5.2366, 0.859982, 25.227, 5.62641e-05, -0.425515, -8.68833e-05
14.4486, 17.2992, 4.70531, 0.862479, 27.0048, 9.661e-05, 4.46425, -4.59816e-05
14.7407, 17.4741, 5.93916, 1.02987, 25.5038, -6.89188e-05, 7.8538, 0.00013122
15.1188, 17.849, 5.90763, 3.61904, 18.9103, 0.00011806, -9.21857, -0.000228487
14.691, 17.5111, 4.04466, 2.58085, 27.2004, -9.48763e-05, -0.508699, 1.21936e-08
14.9918, 17.7678, 5.31125, 1.93125, 23.2441, 6.5073e-05, 2.04143, 3.07953e-05
14.9637, 17.7499, 4.96892, 3.2312, 20.329, -4.11559e-05, 1.8563, 0.000150007
14.871, 17.5543, 3.87574, 3.12499, 27.0235, -4.80597e-05, 5.61665, 8.51533e-05
14.6377, 17.3948, 4.94437, 1.66094, 27.1634, -7.25222e-05, 7.25255, 4.57271e-05
14.8056, 17.5847, 5.2357, 2.66277, 21.7281, 0.000117371, -0.00792668, 9.31734e-05
15.0294, 17.7295, 4.4234, 2.57648, 26.8812, -0.000219981, 5.576, 1.64582e-05
14.5568, 17.54, 5.32998, 2.33828, 22.5827, 7.22704e-05, 2.03985, -2.42023e-05
14.2548, 17.1248, 5.47477, 2.22045, 22.925, 6.53545e-05, 0.927354, 2.53309e-05
14.6138, 17.5194, 5.46958, 3.70595, 19.0869, 0.000139184, -7.66913, -5.70552e-05
15.6365, 18.3693, 3.28743, 3.19111, 25.4963, -1.83959e-05, -0.823154, 0.000146444
14.407, 17.1394, 4.71047, 5.49606, 14.3058, -8.78023e-06, -2.83431, -4.32541e-05
14.6753, 17.4229, 6.67012, 3.03475, 20.4978, 9.90926e-05, -8.65332, -5.43776e-05
15.1283, 17.9586, 4.78, 1.30369, 26.9112, -0.000257314, -3.40095, 3.67102e-05
14.5613, 17.4216, 5.35239, 0.605546, 26.4542, -9.2783e-05, -3.35362, -0.00010147
14.5511, 17.3503, 5.80633, 1.27211, 26.5873, -0.000102894, -7.59276, -4.64236e-06
14.6137, 17.5038, 3.3649, 3.40426, 27.4107, -0.00011887, -3.34806, 7.23153e-05
15.124, 17.8761, 5.56205, 3.26886, 19.8182, 4.95454e-05, 2.32317, 1.59719e-05
15.4583, 18.1747, 5.81943, 1.69587, 25.6243, -6.12846e-06, -8.08172, 0.000115579
14.4993, 17.3972, 5.43671, 3.26731, 20.2469, 6.90591e-05, 3.43083, 2.77661e-05
15.0426, 17.8697, 5.37406, 2.30831, 26.431, -9.79287e-05, -9.01561, -6.48594e-05
14.5455, 17.3832, 5.03446, 0.696084, 25.7193, 0.000106378, -3.17956, -3.42647e-05
14.6242, 17.4698, 6.13758, 1.21991, 25.6715, 1.3263e-05, -9.29406, -0.000174589
14.5069, 17.2947, 5.38032, 2.58333, 22.1006, -5.82031e-05, -0.549117, -5.67664e-05
14.4073, 17.2553, 4.6742, 3.19004, 26.5808, -0.000148169, -6.97686, -6.71242e-05
15.2975, 17.9513, 3.52483, 2.57307, 26.8857, -1.98367e-05, -0.530164, -8.52779e-05
14.9019, 17.7579, 6.29049, 0.836715, 25.7756, 6.44031e-05, 5.94533, 5.15119e-06
14.8739, 17.8041, 3.6819, 3.19298, 26.4676, -0.000259999, 1.02834, -2.64442e-05
15.1636, 17.9644, 5.48787, 1.40373, 24.5931, -1.4608e-05, 5.97546, 0.000108418
14.5939, 17.3862, 3.70458, 3.20222, 26.838, -9.01226e-06, 1.40165, -9.85981e-05
14.9838, 17.8169, 5.31727, 1.13425, 26.4159, 0.000209942, 5.26511, -9.09316e-06
14.6685, 17.5902, 6.06748, 3.39804, 19.6785, 8.04952e-05, 9.86393, 0.000183388
15.0446, 17.7129, 5.63494, 1.31717, 26.3201, 1.76803e-05, 5.25869, 7.25906e-05
14.8516, 17.6019, 5.38465, 1.25367, 25.5998, 0.000130766, 8.76475, 1.61347e-05
14.6282, 17.4957, 5.094, 0.125179, 26.4088, 6.91847e-05, 0.992049, 0.000101553
14.8171, 17.6993, 5.36484, 3.41201, 19.6934, 0.000136894, 4.23767, -4.31509e-05
14.9093, 17.7126, 4.12764, 3.10813, 26.7183, 1.21679e-05, 4.50705, 0.000102072
14.8541, 17.6555, 6.04253, 1.90428, 23.479, 8.82614e-05, 8.47281, 0.000126348
14.6244, 17.4267, 4.7581, 3.38278, 26.8643, -0.00015455, -9.86488, 2.72709e-05
15.3444, 18.0609, 4.68219, 0.86229, 26.0238, 1.68407e-05, 4.37119, -6.7446e-05
15.0358, 17.8776, 5.35417, 2.24101, 22.6077, 5.69303e-06, 2.79918, 2.75365e-05
14.9334, 17.7261, 5.83725, 2.54574, 21.7758, 1.22136e-05, -3.66564, 7.06936e-05
15.0541, 17.8869, 4.78154, 1.01652, 26.8543, 1.0681e-05, -2.38566, -3.79286e-05
15.0576, 17.7812, 5.22749, 1.08274, 26.655, -9.95753e-05, -5.24413, -2.24408e-06
14.184, 17.0751, 5.18794, 4.92217, 16.1484, 0.000258389, -6.50296, 9.48416e-06
14.9721, 17.7897, 4.30733, 1.81226, 27.1471, -3.79844e-07, 4.17303, 6.3226e-06
14.6603, 17.4266, 5.69553, 2.28999, 22.5001, 1.58584e-05, -1.58199, -1.41308e-05
14.6648, 17.4762, 4.58216, 2.65056, 26.9697, 3.23901e-05, 2.58099, -1.75611e-05
14.4673, 17.352, 4.24317, 2.43878, 27.5018, 1.40621e-05, 5.81149, 0.000285387
15.0093, 17.7981, 5.56209, 0.269457, 25.8051, 8.05281e-05, -0.979635, -6.22635e-05
15.1438, 17.9196, 6.07334, 3.43198, 19.243, 0.000160255, 5.48586, 6.52166e-05
15.2663, 18.0276, 5.32524, 1.08882, 24.8468, 3.77115e-05, 1.64411, -3.07084e-05
14.7542, 17.6178, 6.24247, 4.49215, 16.1166, 6.97807e-05, -8.11609, 2.16995e-05
15.4632, 18.1786, 4.76716, 1.45406, 26.566, -7.0501e-05, 0.469719, -9.15104e-05
14.9939, 17.9401, 6.02127, 1.73632, 24.0558, 2.92672e-06, -8.92662, -0.000221934
14.9111, 17.7365, 6.00768, 2.5888, 21.7159, -4.36337e-06, 7.67198, -4.8563e-05
15.106, 17.8148, 5.75042, 3.50023, 19.2363, 9.5426e-05, 6.74647, 0.000178845
14.8139, 17.5817, 5.89559, 1.02909, 24.7626, 0.000180527, 1.18791, -1.67872e-05
15.2551, 17.949, 5.67151, 3.18969, 20.29, 0.000194493, 8.55061, -9.01068e-05
14.6061, 17.5456, 6.3883, 2.81398, 20.9748, 0.000160666, 4.54695, 1.41199e-05
14.5959, 17.4175, 5.98829, 2.98404, 20.7672, 0.000124674, -5.98321, 0.000129392
15.3884, 18.1334, 4.12148, 3.8671, 25.6524, -0.000187354, -6.85732, -7.28074e-05
14.9862, 17.8233, 5.24021, 3.91106, 25.708, -5.18948e-05, -9.73851, -0.00018012
15.6246, 18.4254, 4.47015, 2.38981, 26.2153, -1.47456e-05, 5.05295, 5.52235e-05
15.2739, 18.1261, 5.39523, 2.16747, 22.5326, 2.44598e-05, -2.08068, -6.55193e-05
13.8911, 16.8236, 5.25752, 5.49406, 14.7793, 0.000112841, 0.0767881, -1.21013e-05
14.569, 17.5826, 4.72159, 1.15254, 26.522, -6.52726e-06, -7.73071, 5.63586e-06
14.7579, 17.5038, 5.40604, 3.90792, 18.5237, -7.63625e-05, -0.734066, 3.82028e-06
14.8116, 17.5752, 5.68911, 1.71525, 23.8055, 2.45102e-05, -4.72582, -0.000144504
14.8811, 17.7192, 4.37607, 2.00904, 27.186, 3.31891e-05, -4.19928, -6.20253e-05
15.3089, 18.0141, 4.66376, 1.35331, 26.7637, -6.1638e-05, 4.26876, -5.76782e-05
14.9855, 17.8569, 4.67142, 2.23244, 26.786, 4.25805e-05, 4.77009, 9.23815e-06
14.9005, 17.7481, 4.62111, 0.681203, 26.3012, -3.87002e-05, 3.91987, -8.56086e-05
14.904, 17.7552, 5.81919, 2.27038, 22.6041, 2.73683e-05, -7.37979, -1.68671e-05
15.2831, 18.1506, 4.90975, 1.17129, 26.6641, -2.38875e-05, 2.29589, -5.09711e-05
14.6355, 17.3915, 5.42357, 1.65484, 26.8374, 6.00148e-05, 6.94864, -0.000173487
14.9981, 17.8008, 5.74052, 2.80417, 21.1004, 0.000120521, -3.92319, -4.37188e-05
14.7525, 17.6294, 5.61627, 0.546311, 25.4646, 6.63811e-05, 0.486384, -2.3542e-05
15.3333, 18.082, 3.71157, 2.47401, 26.6619, -8.98033e-06, 0.994898, 8.41377e-05
15.4837, 18.192, 5.30044, 1.31995, 25.9129, -4.38857e-05, 6.71426, 7.48334e-06
14.62, 17.3558, 5.81905, 4.24821, 17.3238, 1.9552e-06, -1.04996, -4.06341e-05
15.1904, 18.0394, 5.39382, 0.646312, 26.2979, -7.4921e-05, -2.66862, 8.40633e-05
15.3468, 18.083, 3.16989, 3.44355, 25.7738, -0.000167713, 0.275962, -4.10728e-05
14.9879, 17.818, 5.85438, 2.50373, 21.8321, -0.000153622, -0.704029, -7.02066e-05
14.2121, 17.0524, 4.80113, 1.4984, 27.445, 1.50391e-05, -0.00711935, -2.3946e-05
14.979, 17.7367, 5.72098, 2.78705, 21.4417, -6.0796e-05, -7.11409, 0.00011712
14.2669, 17.106, 5.89699, 3.66921, 19.4782, 0.000107447, 7.84214, 3.83851e-05
14.7176, 17.72, 4.59994, 1.60362, 27.0652, 0.000143751, 1.23691, 6.46922e-05
14.6235, 17.5247, 5.55955, 0.665584, 25.5237, 7.56028e-05, -3.15403, -2.84573e-06
15.1481, 17.886, 5.79064, 1.78391, 23.5846, 0.000151183, 4.10026, -0.000110899
14.7003, 17.4363, 5.89409, 0.999913, 25.8545, -1.56471e-05, -7.74532, -7.0531e-05
15.0489, 17.7706, 5.39101, 1.5963, 26.4538, -5.93789e-05, 8.02692, -0.0001223
14.5404, 17.367, 5.91558, 2.47525, 22.1174, 1.57475e-05, 3.92119, -0.000126121
14.7641, 17.5517, 5.83984, 4.39306, 16.4611, -5.77573e-05, 2.81525, 0.000250532
14.9118, 17.7388, 4.3421, 2.5571, 26.8768, -8.93377e-05, -2.55432, -3.64011e-05
14.9973, 17.901, 5.89197, 2.3118, 22.0682, 0.000121708, -0.660128, 5.86574e-05
14.0536, 17.059, 5.63623, 4.46856, 17.3592, -6.0124e-05, -8.32672, 9.77307e-05
15.1199, 17.9224, 5.50078, 3.3812, 19.644, 1.02387e-05, -5.87297, -1.33962e-06
14.2977, 17.0084, 6.11492, 2.24647, 22.6195, -0.000122117, 3.30756, 0.000111979
14.6905, 17.428, 5.81689, 1.24322, 25.7897, 0.000121044, -9.76858, 2.68109e-05
15.063, 17.8045, 4.10995, 1.40058, 27.2582, 2.33183e-05, 0.981184, -1.02859e-05
15.4181, 18.1235, 5.73319, 3.26616, 19.6911, -8.92063e-05, 4.57817, -6.44634e-05
14.7453, 17.5393, 5.69677, 1.70765, 23.9911, -4.22248e-06, -7.99657, -0.000100955
15.5479, 18.2075, 5.42311, 2.50509, 26.075, 2.97279e-05, -9.55106, -3.72237e-06
14.2545, 17.101, 5.65585, 1.65427, 27.0633, -0.000108873, -7.64658, 8.39872e-05
14.0338, 16.9128, 5.01797, 4.97916, 16.2735, 2.05338e-05, 1.08189, 8.79895e-06
15.0054, 17.9373, 5.06983, 0.524228, 25.7176, 0.000170214, 0.278757, -4.27524e-05
15.0143, 17.6876, 5.67011, 3.81906, 35.3354, -1.32664e-05, -6.5676, -8.75269e-05
15.0955, 17.9309, 5.48575, 0.838549, 25.9891, 0.000117109, 4.78823, 6.21622e-05
15.3819, 18.1168, 5.40911, 2.75884, 21.1304, -2.92145e-06, -0.416275, 3.50976e-05
15.1947, 17.979, 4.83109, 1.42955, 26.864, 2.86511e-05, -1.63489, 4.07363e-05
15.1088, 17.8919, 4.99604, 2.91429, 26.1422, -0.000188743, -5.7836, -1.60542e-05
15.0224, 17.7551, 5.37273, 4.0045, 18.0404, -4.78996e-05, 0.200157, -3.73963e-05
15.1511, 17.9116, 4.79386, 0.500948, 26.6863, -2.16983e-05, -1.66542, 1.80438e-05
14.9946, 17.7993, 4.93981, 1.07442, 26.7673, 2.51847e-05, -2.83816, 7.57951e-05
15.1905, 17.9871, 4.24989, 2.457, 26.4911, -0.000233515, -1.28494, 7.71546e-05
14.5159, 17.3314, 5.45029, 4.4377, 17.0474, 0.000135655, 2.99655, 0.000117733
14.7813, 17.6409, 5.42919, 0.616317, 26.0046, 6.8849e-05, -3.95789, 6.87345e-05
15.1475, 17.9305, 3.78648, 2.54385, 27.0746, 4.71963e-06, 6.09529, 1.88779e-06
14.8399, 17.5207, 4.66717, 2.7248, 27.2062, -4.43776e-05, 9.69779, -6.93372e-05
14.509, 17.3233, 6.25528, 3.59657, 19.1383, 6.35719e-05, -6.25243, 5.62044e-05
14.7181, 17.5894, 5.38291, 1.22241, 26.7287, -5.03261e-05, -5.75245, -8.62569e-05
14.8376, 17.6115, 6.01618, 0.669373, 26.0471, -2.38081e-06, -4.33222, 9.03806e-05
14.7713, 17.5788, 5.14378, 4.45421, 16.86, 0.00013472, -7.16551, -3.87041e-05
15.0051, 17.8131, 5.12448, 1.06589, 25.0918, 2.04656e-05, 2.62044, -1.91953e-05
14.912, 17.6326, 5.28141, 2.09175, 26.7436, 4.27902e-05, 6.19633, 0.000118574
14.3823, 17.272, 6.05379, 3.87038, 18.5602, -1.59489e-05, -3.34912, -0.000100417
15.0013, 17.7142, 5.72507, 3.72672, 18.535, -1.86838e-05, 4.05427, -7.54936e-05
15.0609, 17.8059, 5.3083, 0.692597, 25.7604, 3.95919e-05, 3.97966, 7.61476e-05
14.6014, 17.4566, 5.70336, 2.95443, 20.9397, 5.0264e-05, 5.24825, 2.72573e-05
14.9126, 17.6548, 4.87743, 1.55708, 27.0041, 5.83148e-05, 3.60419, -2.54358e-06
14.3044, 16.9918, 4.83963, 1.7546, 27.5717, -0.000113486, 3.74309, 6.31991e-05
14.9057, 17.7431, 5.25379, 0.479803, 26.0911, -0.000276762, -2.79434, 9.75028e-05
14.7077, 17.5524, 5.31204, 3.97865, 18.1981, 0.000264957, 0.92602, -6.71869e-05
15.3956, 18.1581, 5.00497, 0.440458, 26.4223, -1.22478e-05, -0.560135, -2.25818e-05
14.9147, 17.7342, 4.14112, 3.34827, 19.9516, 0.000179675, 3.50572, 7.35835e-05
14.5234, 17.261, 5.01113, 1.03562, 27.1895, -2.2001e-06, -3.5584, -9.39324e-05
15.0085, 17.811, 4.92525, 0.313123, 25.9631, -3.36034e-05, -0.347704, 7.57041e-05
15.2186, 17.8887, 5.35477, 3.90581, 18.3221, -5.37825e-05, -8.34535, 8.65919e-05
15.5425, 18.2432, 3.50259, 2.95583, 26.1065, -9.43946e-05, 2.34478, 8.21753e-05
15.1075, 17.9098, 4.88371, 1.78159, 26.8119, 4.50779e-05, 8.40061, 2.33687e-05
15.1397, 18.0119, 5.33649, 1.40731, 26.4334, 0.000102326, -2.94806, -5.19823e-05
14.9949, 17.8129, 5.21634, 3.46193, 19.5474, 0.000136636, -1.88578, -0.000136089
15.2597, 18.0307, 5.7641, 2.82651, 20.7125, 5.85641e-05, 2.15064, -4.62863e-05
14.6775, 17.6941, 5.11723, 1.26236, 25.879, -7.79951e-06, 8.72066, 1.11915e-05
14.8957, 17.6793, 5.95833, 4.11928, 17.645, 1.87795e-05, 8.72723, 6.64909e-05
15.1453, 17.9677, 4.95758, 3.66941, 25.7762, -0.000105692, -9.2245, -5.11996e-05
14.4405, 17.2454, 5.18062, 1.2886, 26.6371, -0.000186841, 9.03888, -9.88079e-06
15.3528, 18.0559, 5.49218, 1.30536, 26.0092, -8.38974e-05, 7.13811, 0.000104398
14.903, 17.7365, 5.65706, 1.50489, 24.9012, -1.11449e-06, -9.64258, -0.000200204
14.7825, 17.6041, 4.8488, 3.87574, 18.7589, -2.3627e-05, 8.17581, 0.000345317
15.7896, 18.6878, 2.62514, 3.55554, 24.4525, -7.3494e-05, -0.808137, 7.08857e-05
15.0212, 17.8556, 5.88771, 2.28054, 22.1512, -9.80061e-06, 0.324422, 1.22812e-05
15.168, 18.0401, 5.06222, 2.02332, 26.5048, -5.64892e-05, 6.83762, -2.33026e-05
15.0451, 17.6688, 4.77121, 3.93719, 29.2209, -1.64665e-05, 8.65455, 8.23544e-05
14.6889, 17.498, 4.16951, 1.8972, 27.4641, -8.69992e-05, -0.796395, -6.07769e-06
15.1807, 17.9934, 4.84728, 1.63754, 26.6089, -8.61074e-05, 6.14375, -0.000123416
14.4308, 17.2985, 5.90884, 2.34151, 22.5479, 8.70462e-05, 8.60711, -0.000153278
14.4169, 17.3089, 5.57766, 0.0770122, 26.1565, -2.64855e-05, -0.234561, 1.72858e-05
14.3594, 17.138, 4.23178, 2.24676, 27.8051, -1.64644e-05, -4.48014, 6.776e-05
15.2933, 18.0586, 3.60238, 3.36651, 25.7535, -0.000164738, 0.468341, 6.6223e-05
14.8759, 17.7442, 4.37034, 1.11493, 27.1077, 2.61352e-05, 2.33148, -3.9343e-05
15.11, 17.9303, 5.71021, 0.740681, 25.3977, 0.000107729, 3.43725, -5.87688e-05
15.206, 17.9925, 5.90608, 1.37814, 24.7452, -6.45003e-05, -7.15119, -3.93092e-05
14.4032, 17.2395, 5.98457, 3.99149, 18.1695, 0.000313941, 6.63458, 7.59865e-05
14.6029, 17.4061, 5.18408, 2.19024, 22.9588, -2.3761e-05, -1.04422, -9.01135e-05
15.3247, 18.0689, 5.3548, 2.06337, 25.9082, -0.000168336, 9.93768, -3.35465e-06
15.1289, 17.9046, 4.27631, 2.6214, 26.5367, -5.76956e-05, -3.99681, -9.07557e-05
14.2526, 17.0936, 6.04717, 1.56898, 24.0498, 3.10844e-05, -7.6563, 3.80719e-05
15.0111, 17.8323, 4.79266, 2.42637, 22.354, 4.03955e-06, 1.10247, -9.97464e-06
14.624, 17.482, 5.72112, 1.30764, 24.5135, 7.98757e-05, 4.20712, 8.30455e-05
15.8349, 18.6002, 5.52574, 2.53184, 21.8052, 5.36944e-05, -4.79771, 7.91289e-05
14.4102, 17.1729, 5.63067, 1.09598, 25.0357, 0.000176749, 4.87312, -4.31189e-05
15.5246, 18.1903, 2.75543, 3.52315, 25.7126, -3.72885e-05, -2.13486, -2.47722e-05
14.1958, 17.0978, 6.08201, 3.1077, 20.8422, 0.000123695, 8.02377, 8.65737e-05
14.841, 17.653, 4.75198, 2.07105, 26.8974, -6.11003e-05, -6.45085, -8.12163e-05
14.9485, 17.7707, 4.00352, 2.33767, 27.1175, -0.000224367, -1.71762, -8.53131e-06
15.2768, 18.061, 4.33301, 1.92768, 26.762, 5.40754e-06, 1.01987, 4.05093e-05
15.4169, 18.2072, 5.81856, 2.81671, 20.9304, 7.42572e-05, -4.33185, -2.83056e-05
15.3585, 18.2358, 5.58827, 2.04728, 23.8008, -1.87704e-05, 9.24137, 6.22891e-05
15.3641, 18.1716, 4.18982, 1.18009, 26.8335, 5.20488e-05, -2.72466, 1.3648e-05
15.1469, 17.9529, 4.2449, 1.6338, 27.1079, 0.000104004, 1.30997, 2.55531e-05
14.6065, 17.4389, 5.19281, 2.08709, 23.2514, -6.69565e-05, -2.68847, -0.000154544
14.6447, 17.3947, 4.67022, 2.19187, 27.2204, -6.59002e-05, -4.19155, -6.88548e-05
15.0167, 17.738, 5.94888, 1.2276, 25.7869, -0.000126527, -8.15672, 2.00938e-05
15.3112, 17.9959, 5.51468, 0.923939, 25.8939, -3.93305e-06, -5.40531, 0.000113278
14.7255, 17.5413, 5.33232, 3.07071, 20.8688, 0.000166937, -7.9214, -8.93463e-06
14.5357, 17.2991, 5.25694, 0.426312, 26.2864, -9.93517e-05, 3.14059, 0.000174938
15.4608, 18.1889, 4.18332, 3.68783, 25.9127, -0.000163109, -9.28497, 7.91367e-05
15.2739, 18.0663, 6.18824, 2.68704, 21.0481, -3.04782e-05, -4.48264, 7.41733e-05
14.7654, 17.5066, 5.58095, 0.982279, 26.3718, -0.000144485, 5.83278, -3.77289e-05
14.918, 17.7846, 5.37187, 0.555307, 26.5587, 0.000106065, -0.808594, 5.32855e-05
14.6401, 17.4383, 5.64136, 3.17919, 20.6521, 5.60869e-05, 9.59152, -6.17108e-05
14.8459, 17.5502, 5.76128, 1.64168, 26.3606, 7.42938e-05, -9.7766, -0.000104749
14.572, 17.4027, 5.82179, 2.62546, 21.7605, 1.09897e-05, 5.39562, 0.000120851
14.8577, 17.7018, 5.23295, 1.38814, 24.6106, 4.36414e-05, 3.96941, -3.34095e-05
15.3028, 18.0503, 4.51516, 0.799549, 26.8876, -0.000119741, -1.03605, 6.23429e-05
14.9266, 17.7831, 4.50233, 2.46027, 26.8018, -9.71231e-05, -6.10181, 3.42612e-05
15.0952, 17.8416, 6.06663, 3.31387, 19.3878, 2.91148e-06, -0.79959, -9.855e-05
14.043, 16.8751, 5.88406, 0.907285, 25.7299, 2.36158e-05, 8.72778, -6.17764e-05
14.4143, 17.2555, 5.31022, 1.72133, 27.1483, 4.62951e-05, 8.84176, 6.2085e-05
14.9115, 17.8221, 5.91735, 1.64755, 23.651, 4.42619e-05, -3.76507, -1.00897e-05
14.6265, 17.471, 5.73436, 1.92034, 23.4783, 0.000184624, 6.66371, 6.43591e-05
14.7802, 17.58, 5.57363, 0.653182, 25.8001, -8.81288e-05, -4.38333, 0.000138094
15.0275, 17.8144, 5.68861, 2.05948, 26.2358, -0.000158936, 8.93932, -0.000158866
15.0005, 17.7725, 4.3665, 2.3059, 26.8866, -3.26826e-05, -1.009, -3.8386e-05
14.9949, 17.7882, 4.77899, 2.61791, 26.7383, -4.9417e-05, -5.89893, -7.37727e-05
15.3608, 18.0323, 3.71154, 3.63988, 25.6748, -5.38146e-05, -4.13304, -1.44142e-05
14.393, 17.2261, 6.27959, 5.46366, 13.8354, 0.00013396, -8.54801, 4.0143e-05
14.9063, 17.612, 5.65702, 2.58276, 21.8128, 7.47256e-05, -2.01089, -8.75337e-05
14.2069, 17.1656, 5.19173, 5.23683, 15.0149, 0.000213081, 4.60813, 7.08272e-05
15.0638, 17.8284, 5.98564, 2.23299, 22.7491, 6.02232e-05, 9.56045, -4.02667e-05
14.852, 17.5804, 6.09761, 4.55562, 16.141, 7.22457e-05, 8.52625, -1.37195e-05
14.5344, 17.2739, 4.72155, 1.81172, 27.4289, -0.000134319, -2.26955, -2.53153e-05
14.4595, 17.2789, 5.49245, 2.04116, 23.3605, -4.10304e-05, 1.41548, 3.91339e-05
14.8853, 17.6166, 5.33945, 2.52782, 22.0867, 0.000123767, 2.66128, -6.06385e-05
14.4478, 17.3492, 6.00434, 1.15739, 24.5284, 3.19067e-05, 1.61516, -7.11653e-05
14.7971, 17.6082, 4.92017, 2.52268, 26.9581, -0.000113954, 9.74118, 0.000241703
15.1694, 17.9236, 5.69195, 2.97907, 20.6899, -4.8907e-05, -5.42198, -6.01131e-05
14.8275, 17.5727, 5.99967, 1.01546, 25.9198, -0.000186508, -7.13165, -4.15812e-05
14.8299, 17.5924, 5.68127, 1.56991, 23.8738, 2.39725e-05, 2.20284, -3.39715e-05
15.1406, 17.9496, 5.55651, 3.17312, 20.0116, 9.48581e-05, -0.803254, -5.6266e-05
14.7668, 17.62, 6.11636, 1.00822, 25.0911, 1.26923e-05, -6.07305, 5.10602e-06
14.9996, 17.7984, 4.43662, 1.4155, 27.099, 3.20335e-06, 4.37587, -3.84441e-05
15.0094, 17.8467, 4.58926, 2.0053, 27.0444, -0.000148951, 3.81303, 0.000124729
14.8357, 17.7549, 4.38907, 2.82594, 26.7625, 1.13742e-05, 5.32092, 7.64798e-05
14.5051, 17.2742, 5.88008, 4.16357, 17.6634, 0.000105299, 2.62465, -8.83366e-05
14.868, 17.5912, 5.44172, 1.01523, 26.6295, 3.10651e-06, -1.79411, -8.09806e-05
14.8893, 17.7495, 6.69484, 1.38674, 24.2852, -7.25663e-05, -8.15189, -7.42877e-05
14.329, 17.1168, 5.94033, 2.65444, 21.7962, 0.000137571, -3.70703, 1.5171e-05
14.1649, 17.0238, 4.74648, 2.40878, 22.9744, -0.000108857, 4.59131, -4.09402e-06
14.9381, 17.678, 3.90696, 3.58635, 28.3401, -0.000121545, -2.33119, 3.53817e-05
14.5596, 17.3173, 5.34266, 2.66208, 27.0974, 0.000111121, 8.0119, 9.71327e-05
14.4391, 17.2474, 4.54217, 2.45687, 27.5489, 0.000130556, 7.65017, 0.000201063
14.634, 17.4433, 6.13808, 1.11343, 24.9928, 0.000299716, 7.09875, 0.000271127
15.7525, 18.5597, 5.63036, 2.31467, 22.8734, -8.39772e-05, 7.18432, -1.29757e-05
14.3605, 17.2984, 5.32321, 0.504715, 26.5512, -0.000207224, 2.24826, 4.59995e-05
14.8712, 17.498, 5.77159, 1.57987, 24.296, 3.31421e-05, 8.58773, 1.79677e-05
14.7655, 17.667, 6.0664, 2.29523, 26.3613, -1.23714e-05, -9.86697, -4.84755e-05
15.0272, 17.7918, 5.03734, 0.583337, 26.6226, -0.000102994, -0.868789, -0.000159053
15.4875, 18.1415, 6.34863, 3.57857, 22.6833, 4.37053e-05, -7.05903, 4.82091e-05
14.8533, 17.4999, 4.02277, 4.36247, 17.8469, 8.03629e-05, -3.1284, 3.01334e-05
15.1115, 17.9211, 3.61478, 2.56533, 26.8884, -0.000186234, 1.38334, -0.000276707
14.8561, 17.5935, 6.17404, 1.27974, 25.3204, -1.50689e-06, -9.33984, -5.57664e-05
14.9028, 17.7657, 5.31337, 0.989861, 26.7115, 2.02518e-05, 2.53529, -5.15199e-05
15.2409, 18.109, 4.50159, 2.31947, 26.5984, 3.47139e-05, -5.57952, -0.000153604
15.2521, 18.0113, 6.20695, 2.66073, 21.6748, -0.000127704, -9.1415, 0.000101879
14.7324, 17.5495, 5.54223, 1.16004, 26.6231, 1.45896e-05, -2.04106, 0.000157306
15.1571, 18.033, 4.9027, 1.23774, 26.6799, 0.000111543, 2.71568, -4.97635e-05
15.3173, 17.9969, 5.04019, 1.64293, 26.5604, -0.000133649, 5.68186, -5.07142e-05
14.4581, 17.2771, 5.32046, 4.79594, 16.0424, 0.000142688, 2.37773, -2.11248e-05
15.0729, 17.8551, 4.86315, 2.23783, 23.0292, 0.000106799, -5.66449, -4.39435e-05
14.6482, 17.5745, 5.7157, 3.73814, 18.7261, 0.000114121, 5.8179, 9.30473e-05
14.819, 17.7017, 5.89423, 4.16199, 17.5303, -9.88313e-05, 9.77693, -0.000101696
15.5285, 18.2886, 5.80067, 1.85874, 23.4087, 9.93516e-05, -4.96074, -3.39041e-05
14.3672, 17.2266, 5.26695, 0.915787, 26.9767, -3.55669e-05, -1.69731, -9.20736e-05
15.1699, 17.8746, 4.42085, 0.537874, 26.4545, 8.05666e-05, 3.00289, -7.62587e-05
15.0312, 17.8708, 2.82856, 3.56226, 25.7757, -4.10618e-05, -0.144025, 8.56396e-05
14.7694, 17.5135, 6.21882, 2.27332, 22.306, -2.72725e-05, -3.96729, -0.000172621
15.2353, 18.0281, 3.74312, 2.70919, 26.5307, -0.000143632, 0.88816, -2.86734e-05
14.7211, 17.6, 5.68351, 1.88033, 23.4783, 0.000157206, 7.8117, -8.86794e-05
14.7848, 17.664, 5.8735, 1.11665, 24.8304, -5.45044e-05, 4.37218, 0.000103469
14.6961, 17.5528, 4.9832, 0.359964, 26.0891, 2.22698e-05, -1.79285, 5.36991e-05
14.2333, 17.068, 5.34968, 0.774925, 26.7539, -1.48532e-05, 4.89102, -1.46816e-05
14.3123, 17.0838, 4.63391, 2.76533, 27.0645, -0.000242739, -0.313212, 0.000215792
14.4615, 17.1605, 6.39363, 2.38627, 22.1958, 8.73798e-06, 7.05344, 3.38628e-05
15.0451, 17.8856, 5.80572, 3.77861, 18.4102, -6.44985e-05, 7.67932, -7.56686e-05
14.8791, 17.785, 5.33021, 1.02518, 26.0903, -0.000184656, 6.52512, 0.000326065
15.4216, 18.084, 5.66522, 1.61992, 25.0241, -1.53833e-05, -9.08034, 6.53637e-05
14.6593, 17.3928, 5.48109, 3.24448, 20.4282, 2.45243e-05, -7.33306, -0.000159703
15.4873, 18.2118, 5.48844, 1.77026, 25.9281, 8.45771e-05, 8.14934, 3.06672e-06
14.9204, 17.6967, 5.97822, 1.45338, 24.9194, -2.20474e-05, -9.989, 5.91522e-05
14.6563, 17.4763, 4.89052, 1.70141, 27.1524, 4.7377e-05, 0.0807447, 1.90092e-05
15.416, 18.421, 4.75381, 2.80776, 26.0193, -0.000168794, -7.83416, -5.07842e-05
14.6929, 17.5688, 4.41096, 2.37431, 27.1266, -0.000110947, -4.2618, 0.000108078
14.8349, 17.5601, 6.02201, 2.96299, 20.8112, 6.25308e-05, 5.95163, 1.02816e-05
15.093, 17.8681, 4.11192, 2.92841, 26.5874, -6.57462e-05, -6.0736, 7.48892e-05
15.0479, 17.794, 2.94111, 3.44002, 26.6734, -6.47003e-05, -2.82069, 0.000118826
14.8407, 17.6899, 5.538, 2.49455, 22.0376, 8.87809e-05, 0.0709661, 0.00010494
15.5777, 18.3641, 5.0426, 0.417862, 26.0986, -0.000129011, 1.7217, 1.55133e-05
14.4306, 17.3078, 4.92819, 1.38045, 27.2821, -8.2045e-05, 2.92816, 1.041e-05
14.8619, 17.6595, 5.46431, 3.92473, 18.1824, 0.00011263, -3.43158, 3.14842e-06
14.7657, 17.5451, 4.08182, 3.12251, 26.9653, -7.31342e-05, -4.03549, 7.49264e-05
14.7658, 17.5815, 5.68037, 3.8175, 18.505, 0.000121423, -7.09356, -9.09557e-05
14.604, 17.4155, 5.19669, 4.54234, 16.6208, 7.16233e-05, 2.1112, 4.25939e-05
15.2341, 18.0174, 4.1783, 2.12702, 26.8367, 2.58663e-05, -1.37033, 7.28077e-06
15.2835, 18.1129, 4.62937, 0.78087, 26.7821, 1.82074e-05, -0.394899, -7.7637e-06
15.3206, 18.1865, 4.74456, 2.45978, 26.3067, -6.62197e-05, 7.28073, -5.02748e-05
14.8156, 17.4218, 5.71986, 2.18383, 22.7842, 0.000125643, 3.14336, 0.000173548
14.5507, 17.3072, 5.29408, 2.83479, 21.5686, 0.00019873, -0.268726, 0.000128051
14.5368, 17.5233, 5.02276, 0.852225, 26.756, 0.000194935, 4.77587, 0.000175882
15.3182, 18.0903, 3.36287, 2.67738, 26.7154, -2.80248e-05, 0.975725, 1.54273e-06
15.0671, 17.8901, 5.62018, 1.55554, 25.9649, 3.77567e-05, -9.20785, -0.000121529
14.4425, 17.3494, 5.63607, 1.05396, 24.9718, 8.70411e-05, -0.556303, 8.89204e-05
14.875, 17.6832, 5.49915, 4.01198, 18.1013, 0.000120357, 7.47172, -7.7548e-06
14.8366, 17.7021, 5.54869, 0.815589, 26.3469, -0.000119712, -3.0027, 7.79891e-05
14.7363, 17.5343, 5.54371, 1.63899, 24.0976, -6.44973e-05, -6.35872, -3.09852e-05
14.9631, 17.7704, 5.57558, 1.8758, 23.5855, -3.39278e-05, -4.7931, 2.24469e-05
14.9735, 17.7322, 3.26928, 2.16465, 27.6114, -5.23366e-05, 1.5312, 4.30293e-05
15.2289, 17.9841, 5.50603, 3.34978, 19.4317, 0.000116966, -2.50083, -9.36006e-05
15.55, 18.2965, 4.11363, 1.49973, 26.4668, 6.26231e-05, -6.25097, 2.1595e-05
15.1621, 17.9766, 3.86977, 2.12016, 26.9724, -4.43388e-05, -1.45893, -4.1302e-05
14.6506, 17.4934, 5.62281, 0.710998, 25.7722, -6.28019e-05, -4.97671, -9.66327e-06
15.1479, 17.7421, 5.09888, 0.662275, 25.7331, 3.96644e-05, 2.73494, 5.89728e-05
15.0079, 17.8407, 5.11696, 0.878058, 26.6209, -6.00302e-05, -3.96247, -5.10595e-06
14.8036, 17.6675, 5.28408, 1.55436, 26.8151, 9.722e-05, 1.75489, -3.48977e-05
14.727, 17.6017, 5.96651, 1.21052, 24.3332, -2.04366e-05, -1.42586, 3.37387e-06
15.1004, 17.9608, 4.84327, 2.39326, 22.8471, 6.1488e-05, 7.43845, -1.02191e-05
14.6622, 17.4184, 4.94933, 1.18173, 27.1313, 0.000122292, -3.36206, -0.000103842
15.0752, 17.8556, 6.36139, 2.48739, 21.8489, -6.91889e-05, 9.42039, 1.3712e-05
15.3902, 18.0569, 4.93832, 2.01652, 26.6031, 0.00016655, -5.35271, 7.70761e-05
14.8032, 17.5649, 4.3928, 0.490455, 26.9848, -0.00015683, -1.85774, -1.15709e-07
14.6547, 17.4185, 5.59326, 3.75836, 19.0662, -3.14334e-05, -8.64328, 0.000218916
14.7832, 17.6523, 5.48001, 1.76162, 26.6265, -0.000221539, -8.04548, -0.000179006
14.5582, 17.2958, 5.2065, 1.50949, 24.3658, 0.000154374, -2.57704, -5.99734e-05
14.2526, 17.1412, 5.25465, 5.37875, 14.3715, 0.000156592, 2.13762, -8.58911e-06
14.3494, 17.2402, 5.46634, 4.65068, 16.5497, 0.000231903, 4.52976, -6.10381e-06
14.7761, 17.7297, 5.19278, 1.47548, 26.7594, -9.28917e-05, -0.625976, -3.08191e-05
14.6978, 17.4789, 4.93144, 1.40779, 26.9985, 2.23268e-05, -3.72259, 3.8753e-05
14.7748, 17.6173, 6.14203, 4.13024, 17.0443, 7.25866e-05, -0.801825, 2.07571e-05
14.7416, 17.6105, 6.16476, 2.08111, 22.6312, 3.77779e-07, -2.14058, -0.000132081
14.8316, 17.4934, 5.31775, 0.659548, 26.2027, -0.000121076, -4.62097, 6.29985e-05
15.2467, 17.938, 5.17756, 1.8351, 26.3587, 0.000107278, 9.09222, 2.21639e-05
14.5528, 17.4057, 5.17884, 1.84274, 27.0661, -0.000148995, -0.945934, 1.73132e-05
14.944, 17.7107, 4.45407, 3.92181, 27.777, -9.27156e-05, -7.76865, 1.57971e-05
14.7191, 17.5767, 5.99608, 0.748535, 25.4733, 3.61662e-05, -4.80993, -7.48545e-05
14.9658, 17.8014, 5.84503, 1.49065, 23.9638, 0.000135527, 2.74774, 0.000104813
14.7226, 17.5416, 3.71676, 1.46321, 27.6313, 0.000130566, 3.3073, 1.22597e-05
14.9047, 17.7062, 5.88724, 2.1567, 22.7736, 0.000117504, -5.44333, 0.000133064
15.4788, 18.2405, 5.05198, 2.5563, 26.0396, -8.01664e-05, 9.33463, -1.7228e-05
14.6789, 17.5444, 5.77532, 4.07521, 17.8639, 9.33712e-05, 8.76139, -4.46397e-05
14.4857, 17.3116, 5.93632, 3.70678, 18.9665, 0.000160522, -2.54405, 9.82588e-05
15.4262, 18.1418, 4.03904, 1.99177, 26.8313, -1.38543e-05, -4.14447, 0.000260248
14.3751, 17.1581, 6.03644, 1.25431, 24.5988, 5.19382e-05, -4.61913, 0.000129535
15.3158, 18.1995, 4.78335, 2.09795, 26.3169, -2.30962e-05, 6.77818, -4.38945e-05
14.516, 17.3063, 6.24287, 1.45684, 23.8246, 0.000140831, -0.9027, 0.000135956
14.6328, 17.4478, 5.25491, 1.31077, 25.1586, 0.00010881, -8.09414, -5.38899e-05
15.1759, 17.943, 5.77399, 1.70879, 24.2297, -4.4102e-05, -8.49419, -9.21682e-05
14.7809, 17.5798, 5.22014, 0.774275, 25.6437, 7.37332e-05, -4.15503, -7.29178e-05
14.8352, 17.5485, 4.70848, 1.50866, 27.2413, -1.41762e-05, 0.595372, -0.000137435
14.7639, 17.5742, 5.7548, 1.52047, 23.9409, 0.000127963, 3.60125, -6.82663e-05
15.11, 17.936, 6.29929, 1.40646, 25.0152, -8.80968e-05, -8.72327, -0.000102991
14.9027, 17.7544, 5.15177, 1.18693, 26.1969, -2.2153e-05, 7.42309, 6.33215e-05
14.3997, 17.3198, 4.31586, 1.17776, 27.3374, -9.92189e-05, -4.86509, -3.94218e-05
14.8866, 17.7628, 6.12516, 0.731181, 25.0468, 8.14123e-05, -1.75513, -1.04382e-05
15.2958, 18.0211, 3.5727, 3.40732, 25.7797, -0.000140782, -1.45789, -9.2143e-05
15.2252, 18.0609, 5.59892, 2.1965, 26.1757, -0.000152562, 6.82847, 9.92787e-05
14.923, 17.4675, 6.6806, 3.5474, 38.5041, -8.3829e-05, -2.1093, -0.000164124
15.2817, 18.0978, 5.54737, 1.24214, 25.0274, -6.75409e-05, -5.70584, 0.000114367
14.9254, 17.7507, 6.03353, 1.51636, 24.7085, 3.05165e-05, 9.19814, 0.000108746
14.9671, 17.5996, 4.54461, 1.44182, 27.2775, 0.000118817, 3.14157, -9.14113e-05
14.5478, 17.3686, 6.13285, 2.57263, 21.8232, 0.00020318, 7.47784, -1.8283e-05
15.2922, 18.0372, 5.27877, 1.22766, 26.083, -0.000216593, 6.69156, 4.47362e-05
14.9792, 17.8556, 4.55224, 0.619395, 25.7384, 5.4025e-05, 0.34654, 6.65769e-05
14.7906, 17.5654, 4.75303, 1.95468, 27.1488, 6.75705e-08, 5.26757, -6.20598e-05
14.6722, 17.473, 5.60773, 2.37759, 22.4337, 0.000146395, -4.12848, -9.27705e-06
14.8733, 17.7434, 5.69017, 0.637705, 25.4155, -1.82856e-05, 2.8723, -1.5568e-05
14.7171, 17.7302, 3.80631, 3.56007, 25.8416, -6.04276e-05, 3.9265, 0.000191776
14.7503, 17.4857, 6.14831, 1.70265, 24.0082, -7.21368e-05, 9.94263, 0.000130464
15.275, 17.9746, 5.04323, 1.32208, 26.5993, -5.65892e-05, -5.13085, -4.1595e-06
14.271, 17.1114, 5.60239, 1.99224, 23.5039, 7.49902e-05, -8.15693, -5.3708e-06
14.8366, 17.6691, 5.50502, 3.44605, 19.7081, -6.96353e-05, -5.67847, -9.56307e-05
14.6345, 17.3829, 3.83161, 2.6835, 27.4434, -1.80201e-05, 2.04774, -5.41322e-05
15.2019, 17.9308, 3.85086, 3.36461, 26.3564, -5.62171e-05, 6.38477, 7.22777e-05
15.0575, 17.7785, 5.62165, 2.39176, 22.4838, 5.09611e-05, 8.98312, -0.00010727
15.596, 18.2579, 3.77374, 2.22428, 26.6821, 9.29615e-05, -0.712408, 3.24271e-05
14.6233, 17.3808, 5.79047, 1.26692, 24.8441, -3.87951e-05, 7.83732, 9.16258e-05
15.0935, 18.0646, 5.23526, 1.2451, 26.3089, -6.35346e-05, -5.25999, -6.90605e-05
15.6801, 18.3639, 3.59572, 2.75147, 26.0867, -7.15818e-05, 3.20311, -2.22763e-05
15.3544, 18.1758, 5.25693, 2.27892, 22.7727, 0.000113517, -5.63579, -0.000200121
14.5279, 17.4374, 5.02227, 2.32452, 27.0633, -7.02771e-05, 0.283446, 2.92478e-05
14.9206, 17.8256, 6.61137, 2.12781, 22.595, 0.000176052, 7.22956, -0.00010498
14.7407, 17.5021, 5.59031, 2.93389, 21.0907, 3.83306e-05, -8.02963, 4.4086e-05
14.3702, 17.1756, 5.93402, 1.44839, 24.1194, 0.000107088, 1.08266, -0.000125897
14.5882, 17.5209, 5.20407, 0.579758, 26.6575, 9.84053e-06, -2.43331, 0.000135048
15.2802, 17.9745, 5.61351, 3.37623, 19.9189, 5.81042e-05, -9.11851, -3.81917e-06
14.8782, 17.6303, 5.32868, 1.49855, 26.7414, -3.29802e-05, 5.01315, -8.32968e-06
15.3146, 18.1259, 5.96117, 2.64277, 21.7483, 0.00010865, -7.70259, 7.82555e-06
14.6772, 17.4596, 5.05614, 0.900678, 25.2884, 5.84226e-05, -0.286224, 2.19044e-05
14.9993, 17.7805, 5.49385, 1.39523, 24.2655, 1.94552e-05, -1.41219, 2.52151e-05
15.3177, 17.9515, 4.40126, 1.49138, 27.0872, -5.00525e-05, -3.11806, 3.61657e-05
15.0599, 17.7009, 6.11096, 0.923747, 25.1111, 0.000160963, 5.13505, -4.61473e-05
14.7352, 17.5423, 5.93676, 4.17744, 17.441, 0.0002119, -9.64378, -9.08507e-05
14.9412, 17.845, 4.4586, 1.0348, 27.1346, 1.00767e-05, -1.66451, -9.02623e-05
14.8196, 17.6601, 5.18368, 1.34279, 25.0931, 0.00011846, 7.34259, -4.60998e-05
14.6962, 17.4995, 3.30337, 3.19543, 26.8959, -9.13481e-05, -1.33101, -9.7921e-05
14.9389, 17.7848, 5.65824, 3.20141, 19.933, 0.000178262, -1.0043, 2.22576e-05
14.9811, 17.7893, 5.57653, 2.82509, 21.0881, 0.000163794, 1.81763, -4.059e-05
15.0519, 17.7926, 6.20524, 1.87897, 23.4236, 6.45747e-05, 7.74496, 3.9214e-05
15.022, 17.7581, 5.34103, 3.127, 20.7187, 1.02664e-05, -8.33195, -0.000139936
14.97, 17.8079, 4.42517, 2.62575, 26.9254, 3.53469e-05, 7.31319, 6.7286e-05
15.1588, 17.9954, 4.93296, 1.63067, 26.499, -0.000169671, 2.12811, 2.26671e-05
13.9007, 16.6767, 6.30006, 4.37457, 17.8108, 0.000395994, -8.75066, 8.69269e-05
15.4451, 18.1623, 3.68249, 3.68165, 25.6483, -0.000220374, -4.52308, -0.000148172
14.6874, 17.4998, 5.91437, 2.11638, 22.74, 3.71491e-05, -1.03513, 5.14193e-05
15.1319, 17.9244, 4.01515, 3.47363, 25.891, -9.58499e-05, -3.37391, -5.52288e-05
14.8879, 17.7195, 5.19299, 0.127297, 26.1345, 7.8388e-05, -0.0918313, -2.91919e-06
14.5213, 17.3696, 6.10018, 0.84573, 25.9798, 1.86803e-05, -7.00573, -3.09503e-05
14.247, 17.1225, 5.91848, 0.492201, 25.7499, 4.22544e-05, 2.85196, 4.80954e-05
14.8342, 17.6238, 5.37535, 0.719761, 26.0221, -0.000127794, -4.99383, -0.000246635
14.8048, 17.6814, 4.70159, 1.17087, 26.969, 0.000122446, -3.67067, -0.00014091
15.5818, 18.3513, 3.65634, 2.6523, 26.0838, -9.63793e-05, 0.267489, 0.000112027
14.96, 17.7692, 4.53929, 2.23359, 26.875, -0.000175459, 5.52546, 0.000206476
14.8222, 17.5741, 5.43251, 3.15006, 20.6362, 0.00013017, -8.88812, -0.000106908
