66.459977827273519 -1.8300323503243032e-06 4.2984342575913479e-06 10.000971533536912 -0.0074401874258504573 -0.0056687674450845204 0.99995625338647776
69.186360047148398 -7.0135252672751393e-06 8.1449415731570811e-07 10.000756946861745 -0.029209623903634362 0.018250519012640833 0.99940668220058304
66.980026926921184 -3.9946978229216733e-05 -1.3228056181919588e-05 10.000871792554854 -0.048439383146436157 -0.011396596089463171 0.99876110444788857
75.749782780504503 -1.3919891442644106e-06 -1.6025312155506264e-06 10.000303909718991 -0.012370957821663397 -0.0043373631659968928 0.9999140696496579
69.322796595118973 7.765105218912465e-06 -7.1346939081400831e-06 10.000744549393655 0.012021348973450223 -0.0047113405662144014 0.99991664174516448
71.945365400012506 -3.5634984874742495e-06 -4.4457752693558629e-06 10.000557298719883 0.0014476374814699107 -0.012639697160804509 0.9999190679257024
79.329518483261495 0 0 10.000041896522045 0.0024938378423857146 -0.0043726362000101448 0.99998733033247889
70.440773482989059 9.6918648083774393e-06 -2.5219488248558942e-06 10.00068903172016 0.020530839683923715 -0.014092387885083544 0.99968989653070395
79.912821470791471 0 0 10.000007498741152 -0.00048922550463756267 8.3887406588538138e-05 0.99999987681064673
74.891743954188044 2.234601059045536e-06 6.4470278919141007e-07 10.000362011611461 0.0070254742845895276 0.0020532964700599701 0.99997321298356923
70.1156274223559 -5.1652871619537157e-06 -3.0685361704733479e-06 10.000685968935489 -0.01217266833459414 -0.025894439473035259 0.99959056825782089
68.439147993101642 7.0157174699141486e-06 -2.1676454256480638e-06 10.000808935642244 0.0066675351292588107 0.0012488298107948858 0.99997699193501621
67.627575039189495 4.5856184722667107e-07 -7.675528331297705e-07 10.00086882084608 0.0016071736160657322 0.0036154521768108207 0.99999217271862939
79.197630656697726 -1.6432004020178715e-10 -1.560984087541707e-09 10.000059428334236 -0.00036321878771050224 -0.0034504540481856386 0.99999398120137395
68.579328396992835 1.017876436214347e-05 -1.0660018320271679e-05 10.000813416123389 0.034951110323057991 -0.03452584552587272 0.99879246386719844
75.969529166921902 -1.4524602132671922e-07 -3.4044716226261551e-07 10.000291138112544 0.0090010881169630547 0.00033505578736740837 0.99995943325233438
76.908225359884767 9.7366734352585299e-07 -2.1823163856578797e-07 10.00022231668234 0.0040760685077459932 -0.0038317221829501746 0.99998435166288102
68.834413194875111 1.3458236026916119e-06 7.281626158627538e-06 10.0007872235775 0.008140669717223591 -0.00088472026111744871 0.99996647282127149
71.027246716927991 3.7606767357524217e-06 1.3292868967867181e-06 10.000639626443387 0.043631828976465982 -0.0041865315232930377 0.99903890637650983
78.48465674828492 -5.4007775553854324e-07 1.811964604551899e-07 10.000114758849143 -0.0077300974878404521 0.0015669890157043432 0.9999688945853531
68.805213803617377 9.9379494595337029e-06 1.0813818250764526e-05 10.000793146371841 0.012042787303594517 0.029672200745830837 0.99948713437285397
73.169865825102278 3.7061270931248665e-06 3.2325206378426307e-06 10.000463191986086 0.01507980731610253 0.0085681060910934113 0.99984958217189912
77.545072297842879 2.0729162459355724e-07 7.1203194969106494e-07 10.000164129793642 0.0063470971189124228 0.010647484265266127 0.99992316976704965
68.814771858373774 -1.7278582181762325e-05 -7.3921521031082988e-06 10.000774498820306 -0.028554788780958126 -0.023695607661550704 0.99931133397716687
67.306174300872499 8.697092729217172e-07 -8.9898839291072976e-06 10.000884740591051 -0.0032582369971232445 -0.021764847697648505 0.99975780831977934
73.242833653184846 -1.108884739301436e-06 2.2021424561753078e-07 10.000450590908528 -0.0041200388238194037 -0.0026752068311311091 0.99998793420145871
67.14154251619577 -7.0956135850889011e-06 4.4898042584543523e-07 10.000921099841594 -0.036625885574210551 0.0040022179749379348 0.99932103288041818
68.378290905617902 8.9235173233691899e-06 -8.596942124401717e-06 10.00083414363861 0.023200876509367641 -0.014803922487700686 0.99962120986310365
67.313162008292664 -2.5128406977799416e-06 4.1949039345018504e-06 10.000887155294418 -0.014271923123937354 0.010364312679514497 0.99984443451620308
79.907366190615136 0 0 10.000005671739579 0.0016151836058365002 0.00049096944020277479 0.99999857506444889
76.025952007950281 -2.7707047727762002e-06 1.7239056491632569e-06 10.000289412438871 -0.014242413820652985 0.011003383379578988 0.99983802648367148
70.407786706227512 7.0665342363975491e-06 -1.024364284192259e-06 10.000675271749497 0.022148571075874948 0.007186283876215868 0.9997288623038485
74.820039405017639 -3.0256915286253647e-06 -1.6558634564252111e-06 10.000372418940067 -0.0113290704338622 -0.0077328889579245811 0.99990592287048141
65.780977971031831 -2.5230009763415453e-06 -6.2881383183988393e-06 10.000992483139036 0.011246895414672518 0.005315649302672535 0.99992262261438114
76.520726031337901 2.2606571085927508e-07 1.0452403538794937e-07 10.000248253881932 0.0027234732108993181 0.011540698837898364 0.99992969501060558
67.616137024405916 -2.1233316964739677e-06 1.2586706265178853e-06 10.000895567119123 -0.028227290354330557 -0.0029476904778342238 0.999597184469874
66.656155415210577 1.7900615984963131e-06 -5.3200573151526696e-07 10.00091304218769 0.0066419969973598968 0.016746986101406687 0.9998376979952327
78.215393629323032 1.5810040150820499e-07 -3.7175626776535263e-08 10.000125639617444 -0.00038633616187146576 0.0021392973967024969 0.99999763707271749
76.322391292448401 -9.2153903868600641e-07 -1.2125684276956237e-06 10.000259201526642 -0.002712044619390393 -0.0098852129796581055 0.99994746230906018
72.597292577945524 -3.6835929998948546e-06 2.509469464379251e-06 10.000523303210734 -0.0067799137037206532 0.0078331934514179087 0.99994633548532119
68.667550934586103 -2.7096851108631965e-06 -5.2304054765930119e-06 10.000775954604148 -0.0047443787018621323 -0.013157527389345728 0.99990218038752754
68.015760368122287 -1.4485070482324303e-05 -5.321480483883498e-06 10.000867809534071 -0.016475724775424812 -0.02432143662433291 0.99956841597444102
68.594564003514151 -1.1681179966075563e-05 5.9770508510255173e-06 10.000815045714379 -0.026487325133447277 0.011206556478013665 0.99958633178889567
74.239543416673357 2.2360673960513996e-06 2.3066588785924108e-08 10.000406228363513 0.015481216772553938 -0.0066805621817587688 0.99985784090348395
78.527247764476002 -1.5933796781484425e-07 -1.3002111369729871e-07 10.000104701936245 -0.0094137508604628297 -0.00096988415877602581 0.99995521930707254
66.101628807876125 -5.6206268721487198e-07 7.6441517526180045e-06 10.000969400584697 0.0075137567733001807 0.017605287167116318 0.99981678187701717
78.546044091548197 -2.5834738940852641e-07 3.983175509329839e-08 10.000105745613574 -0.0028603643374622324 0.003585454957027064 0.99998948135898313
70.824268059450077 -6.6637176845515434e-06 -7.9662486027561764e-07 10.000653350949289 -0.02409389983697972 -0.020353448275785023 0.99950248680727682
75.267524132536337 1.8945000953511674e-06 2.7039059877162098e-06 10.000343305408954 0.012713718693134049 0.0129222337657754 0.99983567511441318
74.525517458041293 -2.7880980963181777e-06 1.9057369542419715e-06 10.000383917212485 -0.017406743174588707 0.010304557924989495 0.99979538975633631
79.611411385001375 0 0 10.000026702046394 -0.0016360970800839887 -0.0035912020157264405 0.99999221319689624
79.790631896199329 0 0 10.000015518784522 -0.0013491799420907325 0.0017911576322822121 0.99999748573074931
73.234297648960677 -9.1171643892080305e-06 -9.0060541689826825e-06 10.000458810925483 -0.086524533880372401 -0.029125328946592772 0.99582389017864847
65.589313356394598 -4.5170710878665894e-06 -1.4615786326118025e-06 10.000990109860897 -0.017409336630366257 -0.011371177088396526 0.99978378228980835
69.878595811374822 -3.3627330982021105e-06 -7.9246435874399956e-07 10.000706895947456 -0.0085209329976936657 0.0078257895833453439 0.99993307311951929
68.659872695172666 2.7519077542504323e-06 -1.0622928051987402e-06 10.000793588578702 -0.0038210132321032054 -0.0035365548502951662 0.99998644622698307
65.719706605749124 1.4270984914272007e-05 -2.7478286047688859e-06 10.000993695676328 0.032558287505944007 -5.8471300732922983e-05 0.99946983671133727
72.365731284396801 -1.41598366158574e-06 5.0658925257420466e-06 10.00052123582363 -0.0085138034877147439 0.017286876747898847 0.99981432228313039
70.059130124109558 6.2730985847641176e-07 2.5598631631234069e-06 10.000698590457439 0.0022364795645350832 0.013162373913565228 0.99991087106407472
72.666545659467531 -9.7159382970594066e-06 2.4629702335028787e-06 10.000501082241534 -0.036156198420884592 0.0076193104202198119 0.99931710453912959
75.574131417915567 4.0794767129414465e-06 -6.2013253342230221e-07 10.000315609455107 0.017355320850694824 0.00013136091502988917 0.99984937644751248
77.343434426736053 4.8483314766226326e-07 4.4776492006272468e-07 10.000185048043729 0.0069419422381246168 0.002110178509073077 0.99997367794588599
77.927806074840859 -2.0625472274862081e-07 -5.4836036559470291e-07 10.000153132081032 -4.5458946139312903e-05 -0.007578231616387078 0.99997128375721489
68.272128954993534 8.6881647381041502e-06 1.2339289208658202e-06 10.000826794624327 0.014694936318915126 0.0016234358746223354 0.99989070567864768
79.773250424243869 0 0 10.000015568971634 7.4807904888081665e-05 -0.00087702901143007605 0.9999996126118702
78.370769383185404 -1.6972826875256047e-07 -2.150120593065458e-07 10.000119825839995 -0.0035769562493132242 -0.0015145610799654459 0.99999245571590467
71.37538130844365 -1.8263991097937972e-07 2.474811913219788e-06 10.000599659442901 -0.0063730611261565602 0.0038066816443718984 0.99997244625376591
76.939272548766724 -2.3965052910385422e-06 1.2004697215749077e-06 10.000211778759958 -0.020349470156202365 0.0084876385938009707 0.99975689997892137
77.605200931457077 -5.9975419708929319e-07 -4.2983893907027049e-07 10.000173521101473 -0.0016089380971564381 -0.003863205845586208 0.99999124344105839
75.8880555726371 1.5313017163855513e-06 1.2462359242587744e-06 10.000297293484213 0.007177671223936203 0.0036504584286022345 0.99996757706890782
73.406881935621925 -1.042527939930691e-06 4.2771010158747005e-06 10.000465645432474 -0.011759177137382193 0.020819432784636962 0.99971409561513014
75.07072849199271 -1.3394364568747783e-06 3.7250099161260925e-07 10.000361685693264 -0.0042353343860275878 -0.0058221673763914905 0.99997408181896363
74.803276147192449 -5.4549907656778645e-07 6.8461759371865637e-07 10.000372408747673 -0.0023441994066793368 0.0044965063227062167 0.99998714299736458
76.055536609232476 1.3958551247834457e-06 1.6990692380228123e-06 10.000286163508893 0.0064237133568178072 0.015089498206701406 0.99986551243183663
75.455220290045716 7.452786532162744e-08 -1.8674445018352732e-06 10.000317760288716 0.0035555551694575324 -0.01281353552984754 0.99991158175843842
69.292469333853347 9.0311458228460354e-06 2.5631756038324957e-06 10.000737035930158 0.010168298008799528 -0.0086023333391727682 0.99991129885441643
77.144577594082548 9.0692415447426498e-07 -2.182847049240445e-07 10.000206095635892 0.011686666688044522 -0.0031263595334304894 0.99992682117132459
77.832450874307597 -6.6479054689582912e-07 -5.2336986371975633e-08 10.000156420648096 -0.018216177532587481 -0.001613843994780241 0.99983276920876218
73.185808485614473 -3.6912712236776539e-06 -1.0028323293347241e-06 10.000476537764072 -0.0090584035502139781 0.0033087294483563046 0.99995349773604936
77.400532935675827 1.1051306113964003e-07 1.555239160273622e-07 10.000181908249854 0.0048445918487810772 0.0019726314600146924 0.99998631923388903
75.556829489040425 8.8084662967760344e-07 -3.926943111783169e-06 10.000317106425761 0.0026597075643448598 -0.016054845785645061 0.99986757517306835
68.045915652890045 6.8863327029238799e-06 -2.111323524529611e-06 10.000839973032473 0.024440250655023761 0.0013690364158607214 0.99970035505005761
67.176072636973288 1.5624266142246257e-05 -4.138439915346207e-06 10.000882342994213 0.051452904904070083 0.0073746204460925875 0.99864819308413544
72.865868769628946 3.3457570555625942e-06 -4.0689318054245365e-06 10.000503503262998 0.009566778365001298 -0.021472925228653711 0.99972365693417475
73.282092395326501 -1.6582448859247831e-06 4.9761323603970206e-06 10.000474990606307 -0.013380292085031598 0.018781274605665241 0.99973408039733536
78.604671129598827 -3.3174574875135205e-08 1.5655755760223124e-08 10.000088193416595 -0.0025758906067924782 0.0026949903654146326 0.99999305088311108
75.750000562132072 7.4873238897027327e-07 -2.4094228470578872e-06 10.000305711150169 -0.0019900780389958037 -0.011745023866138031 0.99992904448454878
68.122290157359188 -4.9974967626153533e-06 7.552710707533417e-06 10.000825939714908 -0.0059662718170295208 -0.0020240684852363793 0.99998015317673805
73.682017315115758 -4.8243035708850132e-07 2.5856820754447556e-07 10.000437405407428 -0.0012470301004437927 0.0069429323798210173 0.99997511999344157
77.69167511781329 6.7604121202275338e-07 5.1106726042858077e-07 10.00015800523758 -0.00028558578589981017 0.0068065041612015015 0.99997679470168843
79.542126695420251 0 0 10.000034932315348 -0.0042943600379553686 -0.00039794441768205237 0.99999070001280754
68.060716455725085 -3.6469053444983642e-06 3.7716642677801486e-06 10.00083860850334 -0.0071315720787887013 -0.0034742356320750893 0.99996853468819613
72.248469077592802 -1.4151009159707398e-06 3.6122978612643656e-06 10.000538431882859 -0.014268730483925147 0.0098579203894729774 0.99984960105806509
68.44390261787963 1.1170883303243095e-06 -2.8759986364716108e-05 10.000809138059616 0.003773477570754304 -0.041304106083635259 0.99913949560992477
72.394681766891878 -4.0103875626290246e-06 -2.6666812011305935e-06 10.000541579127312 -0.019364745648833399 -0.016676759553273576 0.99967339282225487
67.998190785049559 -1.2760566137898427e-05 2.3067851556151566e-05 10.00085375314951 -0.0184649854898188 0.049163264813547776 0.99862005673015264
69.576820271355047 1.1476186677038892e-05 -5.4731720076718227e-06 10.00074200260639 0.0067398043882178956 -0.010355128637797766 0.99992367026073703
67.438301859243992 3.5605235657636691e-06 3.3265926050112039e-06 10.000878398001195 0.022712606249093478 0.041050873232254238 0.9988988754244561
72.746201717550477 -5.391682275109051e-06 -5.3231476752539999e-06 10.000508680284025 -0.0096100173924956178 -0.022566431192174878 0.99969915662111297
65.983341586365924 6.3866206201322005e-06 -7.9336349576240136e-07 10.000978578209878 0.015405890804292915 -0.012744958890694338 0.9998000922941549
70.910140635850212 -4.6983610118814732e-06 5.4891515477250064e-06 10.000671753883363 -0.0083686392184957915 0.017880764179009034 0.9998051030825984
71.828604970424493 -7.8574216993752817e-06 -9.139362434720316e-06 10.000576601326465 -0.014194357816552315 -0.02378980932172688 0.99961620894151748
72.448414137070174 -1.3954427868980716e-06 2.7767916763716875e-06 10.000545802116395 0.00077519669690428029 0.0058107688652644755 0.99998281687000778
75.531831423203656 4.018090555509118e-07 -1.2940010612755942e-06 10.000307576835155 -0.0013049426110524401 -0.010658463547482133 0.9999423454777725
70.160476513269231 2.7096185434842762e-06 8.2880280193549485e-07 10.000713902711869 -0.0021549181915801394 0.004167102733383889 0.99998899573065159
79.192239993997148 5.9825283080926395e-09 -6.9135911418136276e-11 10.000062373280524 0.00082793830840068874 0.00079222005061592687 0.99999934345255892
69.01749046870566 -1.2740125894215181e-06 -1.3911849171067557e-05 10.000782477080822 -0.015930271399404176 -0.028530608137628616 0.99946597283371208
72.95701797305469 3.9955420601935909e-06 4.4820668345534114e-07 10.000495716452598 0.0077619343768189778 -0.00045520325002582432 0.99996977212550309
78.798594609023766 -3.211686117989213e-09 -1.8465276975589825e-07 10.000085645794869 -0.001775955095480522 -0.0081222323141342482 0.99996543706556895
66.746499886167499 -1.6396488825843966e-05 3.7953726957080034e-06 10.000944781303406 -0.043059601333025742 0.018746059605762314 0.99889661926662765
79.374579887745611 0 0 10.000043524026871 -0.00099558540896437647 -0.00042348670251436454 0.99999941473418186
71.418186018061036 -3.1147854987440165e-07 -2.3138190179042551e-06 10.000585945427417 -0.0046818933876056519 -0.0044980250938266653 0.99997892360017382
70.337517547372101 2.2294565378528468e-06 -9.8755848170623313e-07 10.000674116075039 -0.0025113275797641458 0.012213817612440324 0.99992225492441023
68.661496862952106 -3.3339261784215355e-06 4.2490817993246536e-06 10.000781805336477 -0.010391143026594097 -0.0035791400803622765 0.99993960512767266
70.253433299894638 7.5466802094269823e-06 -4.7474090301775165e-06 10.000684606254101 0.027694097274903837 -0.0094600424822034335 0.99957168055740908
65.892572445414061 -1.209612865380591e-05 -6.1851360373337611e-06 10.000996833741667 -0.019611181342325444 -0.030781876098888793 0.99933371686848982
69.152204572178974 5.5213938783578716e-06 2.5094547481091546e-06 10.000773667395116 0.019589997263431698 0.0086883969987794733 0.9997703455118131
76.682818840332104 4.7147818326937549e-07 -7.7690767672852756e-07 10.000247294366361 0.00065554153876585218 -0.01058660148007241 0.99994374548491127
79.9782542708585 0 0 10.000001236855983 0.00051818797489532596 -0.00015875442395771205 0.99999985313911699
66.333302144134848 -9.6274416762625238e-06 2.1676669252406507e-06 10.000936563730239 -0.0051455887434692605 0.0056229597751639984 0.99997095219803755
74.785500240291682 2.3049339315308444e-07 -1.6440534627219008e-06 10.00037728983164 -0.001612638651833143 0.0023464063181816218 0.99999594687877036
75.790958892804397 -7.1105891451684266e-07 -5.0454116174393487e-07 10.000297401547432 -0.0054780328840390823 -0.0072030421251230315 0.99995905283159725
75.819008112589799 1.7753152827805992e-06 9.7106716098489348e-07 10.000291585266591 0.0048689577302768409 0.0076928479608996455 0.99995855581162518
66.452122237829059 -1.1158961765707313e-05 -7.2317089175927009e-06 10.000946332871912 -0.014638144531855831 -0.0045057080525871601 0.9998827047807205
66.198541680555138 1.0777097501321482e-05 5.0607390871845394e-06 10.000996530771257 0.01386452584747765 0.00025312980507434697 0.99990385080182898
67.067388789214661 -2.2513371690488683e-06 2.7338671802152986e-06 10.000938781797885 0.0047648286884130467 0.002677955274120649 0.99998506236999363
76.906343730244586 -3.9684117587836472e-08 1.2251039860180712e-06 10.00021772789955 -0.0057723181974881198 0.00836965823610091 0.9999483132460586
67.576112113934542 1.1450267476360557e-06 -2.4436440569741149e-06 10.000884703099729 -0.0062927791963243475 -0.0097657919060612289 0.99993251284195872
73.168754882008713 7.9053185347456548e-07 -4.1325101575748587e-08 10.000471205592156 0.0094503725246162969 -0.0023357937804946785 0.99995261614066544
76.365032349796834 -2.5144150368968946e-08 -6.7300435361225857e-07 10.000255877375604 0.0010589186833174741 -0.0075672065401618249 0.99997080761210266
78.657726716826446 3.9591016609708445e-07 -6.4505576956070313e-08 10.000100091278554 0.0011115212882886888 -0.0052469089456543914 0.99998561713003731
77.306245989418926 -1.4652318763969997e-07 -1.1531746305883016e-07 10.000183061897754 -0.0065555069110363635 -0.0052915900519158393 0.99996451157221655
77.577269601912434 -5.1453729373971342e-07 -1.0978831449873255e-07 10.000168925583363 -0.0094716862621377906 0.00042643868526099661 0.99995505164452247
67.707169259698873 -9.3997018280644095e-07 -1.2332292547055042e-05 10.000875893235207 0.0062205776877918891 -0.023390608877376092 0.99970704900464502
72.060182862847327 -5.4840087572088765e-06 1.5052119667059628e-06 10.000571882784367 -0.0062899098044516535 -0.004548821618466637 0.99996987217442479
77.407641053267795 -8.9209298719389381e-08 2.8152869898795199e-08 10.000175530552863 -0.0039895220325816237 -0.00018849693346294688 0.99999202405962107
71.334644059186118 -4.2070600105049938e-06 3.2451122926545512e-06 10.000621310353278 -0.020195471632336551 0.0065299608074045777 0.99977472589448924
74.128068802731022 2.0364681826992319e-06 2.8205403243840965e-06 10.000422703742981 0.00021668601696771175 0.0091389271756469152 0.99995821565565857
74.665005643135245 8.0732932522288365e-07 -2.5818126640223246e-06 10.000384176850318 0.0015872534734935283 -0.01877278907187668 0.99982251575810877
77.864516001020775 -2.0980838885714917e-07 1.9547733787553333e-07 10.000155279278754 -0.0065136520760808352 -0.0023677830272648749 0.99997598268166787
77.122733796427582 1.0084062012001046e-06 -1.107573981274647e-06 10.000211234152317 0.010205591427989666 -0.0059829509437104101 0.9999300226523905
79.590039960904576 0 0 10.000032956659794 -9.2928759651702059e-05 -0.0025605467954774026 0.99999671747678942
72.935994556489064 6.9552736930477586e-06 9.7810948580841142e-07 10.00051618039608 0.018121183362495283 0.0065767573026701579 0.99981416722155148
66.069546527217824 1.2849740353279276e-05 -8.6062924003110682e-06 10.000987733006479 0.026672516729377087 -0.02218852256839789 0.99939794192181175
66.678623863928962 8.0443742720927792e-07 7.2638668937873909e-06 10.000952151000501 0.018022360346457728 0.06480255396166365 0.99773534743818104
67.593298562199479 -1.329745216420478e-06 -2.7327777016412884e-06 10.00088336020708 0.0059114254800419937 0.002446049747657753 0.99997953573531972
76.843652866147792 6.8300067271521659e-07 1.5725668273798976e-07 10.000215886235239 0.004726615494854417 0.0037064012313202631 0.9999819606852296
75.182468764094622 1.8495956407626917e-06 -1.6839655299627181e-06 10.000334211349486 0.011121496142564347 -0.012566434099304209 0.99985918861486622
66.744385601607519 1.4678322698373993e-05 -4.8368989345719378e-06 10.000928730130195 0.032421646654910104 -0.0065207118979844709 0.99945300897267197
78.887507626861307 6.0283570776853537e-09 -2.3232201910704851e-08 10.000077981770037 -0.0014856236328849837 -0.0030537029648592482 0.9999942338936878
72.081885832881156 -1.7659211062542895e-06 1.2554023973005328e-06 10.000563720107078 0.0042565159069180934 0.013214205107883837 0.99990362878414496
71.939189444912969 1.4205910516908289e-06 -6.9218392016841178e-07 10.000562125146388 0.0065785556194898351 -0.010340797865923389 0.99992489243215532
75.029381858988714 2.3446570080519029e-06 2.3548569033842316e-07 10.000356621205807 0.017761765897660372 0.0075310845022361341 0.99981388389960701
76.486282222033694 -3.2151893787665368e-07 2.1002453511562059e-07 10.000239544987679 -0.0039468497113021453 0.003043001300590683 0.99998758118310693
74.981927713362282 -1.2787626671940607e-06 -1.7737698028709631e-06 10.000370315253736 -0.010912710138306475 -0.0047433733260359634 0.99992920407743224
75.015779890922943 1.1519483089603556e-09 -1.2011231863843559e-06 10.000359299182893 -0.0082141864935611156 -0.0086777168037929665 0.99992860963736907
79.295065573539986 0 0 10.000055368781091 0.0045275021378567877 -0.0033766985634965337 0.99998404968839527
68.255741318181691 -4.0525258412856078e-05 1.3123897755444027e-05 10.000816131532194 -0.053491245860368714 0.023004356820229929 0.99830330370263387
70.536761748352163 4.0917260160688507e-06 7.5328486655535408e-07 10.000671209454538 0.013651010205240515 -0.0036682878463666999 0.9999000918015023
77.741681753217051 4.0316230398209188e-07 -3.8876897055050373e-07 10.000152548193931 0.0039991530272128943 -0.0045965720325243913 0.99998143897805158
67.971052179126971 1.5104856208245708e-06 -3.9229288020616939e-06 10.000826489150523 -0.0038741518563727931 -0.018557591332403138 0.9998202872273263
73.691137850516114 -1.0388324241190473e-06 8.0788895108291395e-06 10.000450374960899 -0.0045942559220712113 0.028395178834824886 0.99958621770783762
79.332387759070826 0 0 10.000045084774495 -0.0061836949056703009 0.00018380420555758937 0.99998086388356833
77.663164247367831 3.1374028656265152e-07 -1.5300440207263288e-07 10.000163930356504 0.0015111766912567551 -0.016912786922399239 0.99985582659877792
68.167675301015493 4.0129297221493126e-06 -1.1647577929624317e-05 10.000825450718402 0.0081772282701252762 -0.022288421107819482 0.99971813988860825
71.912780979137253 -1.3940796361554455e-06 6.1237649739645222e-07 10.000559636712076 -0.020312442181770425 0.0040017500776636213 0.9997856723762989
77.606192436500805 -7.9447193314917247e-07 1.5181863712918052e-07 10.000178397893905 -0.010296185590132055 0.0048595749349153146 0.99993518444634477
70.730396136308642 -5.2093695296354428e-06 -9.0732068000895694e-06 10.000645865440369 -0.015807142061481365 -0.02066777221599438 0.99966143141139341
70.234941406321951 -4.5107177283641977e-06 6.9346374593221039e-06 10.00070724272728 -0.011632685162867112 0.015875818552993193 0.99980630075088739
78.716085066522496 -3.8197703573838144e-08 9.730715234639834e-10 10.000090634226797 -0.00084185477268675589 0.00039689647040344926 0.99999956687677305
66.45131723800867 1.4335439112105432e-05 8.3906938584601349e-06 10.000964085638522 0.026989200035085738 0.012518890927993385 0.99955733224833043
75.283498683695569 -1.2184256487209839e-07 -4.1888927618347812e-07 10.000342880487441 -0.0022467304449137818 -0.001662777959932255 0.99999609367825226
70.002499491457613 -2.6271224446972143e-06 2.0812991654750132e-06 10.000707120895385 -0.0035938897816837107 0.0079479368219467703 0.99996195640459806
70.906777164204925 -4.7419137911988325e-06 3.4029419505989006e-07 10.000649586379527 0.055255966804375931 -0.024854795567507838 0.99816282102160614
68.614672711336013 2.965523483245623e-08 -8.8597052134542674e-06 10.000816873848439 0.0029778078826243298 -0.021669204278089736 0.99976076050531626
66.296014176734545 -3.1103919786978165e-06 6.1046154347783892e-06 10.000964479267598 -2.5497172998823793e-05 0.0081011320893177845 0.99996718496596959
66.991691729344069 2.1121124575159822e-06 1.6484515789430057e-05 10.000913769066333 -0.0022617069383954833 0.025915248217839169 0.99966158503342151
70.008428691015467 -1.981668619548698e-06 6.1478860236865175e-06 10.00071901500225 -0.0024990751859297411 0.012700601456454682 0.999916221163483
69.281588388270194 4.2338127113154021e-06 -6.1641769780785059e-06 10.000750311672686 0.025826192211974179 -0.023089697761773286 0.99939975668052861
74.551219798375072 -2.5766539511884246e-07 4.3915065415989822e-07 10.000389997661113 0.0024360713207254147 0.011101305397740732 0.99993541120163687
73.49565606336877 4.8131741534837874e-07 3.9184717431457231e-06 10.000443486511706 0.0016230548559066486 0.014002436122513307 0.99990064380195776
67.098687457421391 7.2520807795501947e-06 -1.7448945305127429e-05 10.000905617356299 0.021573552785347245 -0.032374489497920766 0.99924295056305834
79.500684364274434 0 0 10.000040781438351 0.0024301004393647283 0.0004365672107906973 0.9999969520058174
74.524095433254615 1.7364301016263834e-06 -5.6346807129409576e-07 10.000394554376602 0.010394107904128024 -0.005046079631502917 0.99993324757267166
66.532208641225481 -5.5936268721113079e-06 6.3700481911010104e-06 10.000946873307228 -0.0045342396895588794 0.018520821458344997 0.99981819339465194
68.625931603544402 5.1812588465476769e-06 -2.0901793337422603e-06 10.000818276822567 0.063515202876312016 -0.010603949955013818 0.99792453384458502
71.984344803183802 6.9811732626106997e-06 -1.8439248421673459e-06 10.00056160634756 0.021288133568040216 0.0057509532676113364 0.9997568413897967
67.301314288541107 -1.0752706817279818e-05 -7.8726355036564738e-06 10.000901403188706 -0.014001353705753264 -0.017838846457971978 0.99974283575900424
67.059453569755448 4.4907023863737271e-06 5.633171285491673e-07 10.000922636032104 -0.0025867353082796897 0.057923129286124114 0.99831769487180189
66.756271235931834 -2.441093259761082e-06 8.8605464290089674e-06 10.000935430765153 -0.01341952173797294 0.019303327814118115 0.99972361079031491
78.819817422290299 2.8178591526506987e-08 6.4900911022664194e-08 10.000081317842007 0.00072702663096006672 0.0055054726207915527 0.99998458048286898
69.930866003050824 -2.5627198216204104e-06 2.9585876351635287e-06 10.000726603865623 0.0069781530365482236 0.017666395806678684 0.99981958564503048
74.79451950121927 -2.5225695791033784e-07 -3.9487678356786717e-07 10.000359640240671 -0.0056198760864852627 0.0022655713507334441 0.99998164192110417
72.840836462381048 4.6131232109905416e-06 -3.9042176047313652e-06 10.000494511067867 0.0078402253141994852 -0.013501570340933175 0.99987811180430963
79.11926042904355 4.0283650995713743e-09 -7.5786772788840881e-10 10.000060346484183 0.003130804664421896 -0.00055034666673223491 0.99999494757758645
70.999129085798174 5.5524305525748951e-06 -4.817772994504624e-06 10.000648142278195 0.013360542960207146 -0.012681723673861495 0.99983032049266651
74.893911301128739 -3.8221045134543732e-08 -7.3141843388638118e-07 10.00037740302086 -0.0010506736038975086 -0.0039782322069537371 0.9999915348409133
68.408354145585463 7.9924616641045459e-06 -2.532789174835352e-06 10.000798237621783 0.0083743714400087033 -0.012768930799685345 0.99988340535745335
71.167794663443885 1.0102527659963989e-05 -5.2619289899496497e-06 10.000625873863697 0.029108088437270602 -0.0063581453539398938 0.99955604804092213
68.210622433453864 -3.7925548662216124e-05 5.3494762712464868e-05 10.000813574552534 -0.053318050602009573 0.075591388395650147 0.9957123718626878
68.203495467183657 3.2859619988083091e-06 -1.1635733983145522e-05 10.000823564767838 0.0055611379317248039 -0.012970582899594102 0.99990041390337936
66.66146034575749 -1.1504395010947864e-05 -1.7821448669379656e-07 10.000935102701188 -0.020952331574423073 -0.0029312088564180079 0.99977617886016634
77.918492360069067 3.4085505859619906e-08 -5.1563996694637764e-07 10.000157515585421 0.001240506265516387 -0.0094712821054329915 0.99995437693901046
72.363937786607167 1.1413143206571502e-06 4.1234081256934963e-06 10.000539337158202 0.00067329505957457593 0.0095287009623729081 0.99995437422501077
78.796606825968411 1.3386082556574589e-07 1.4165940243762545e-08 10.000084515869617 0.0071853346523352655 0.00034875294881562841 0.99997412433388222
68.366416357635018 -6.3127235767596612e-06 -8.6964792733288046e-07 10.000825900912286 -0.0079319313597279433 -0.0095069748090776153 0.99992334800967819
76.55111634264648 1.0949540685204989e-06 3.5870543000035322e-07 10.000245763897897 0.016592716695368302 0.00024282049317416474 0.99986230191505632
72.546073250070407 1.674234296855327e-06 2.8840721245365494e-06 10.000519800305366 0.0040901232458393647 0.010646372477906965 0.99993496070739296
66.9143013743588 1.5443522567207247e-05 7.1419831411214104e-06 10.000893355548381 0.036656540399394463 0.017574573945818801 0.99917337454346267
76.541298129330627 -2.5955095062801462e-08 -9.2250379594034544e-07 10.000244098603726 0.00070794161011374394 -0.0059695153168029171 0.99998193168954763
72.066329378563708 -2.506035749905004e-07 1.6274145190420824e-06 10.000544731497765 0.0033807328838667649 0.0044086467137693305 0.99998456712057371
72.8847804434469 4.8858037649123946e-06 1.1608264804385599e-06 10.000504094719886 0.014865702278099215 0.0099311801091517549 0.99984017850725448
75.946067342560752 -8.3537197736477627e-08 -1.2819232629206152e-06 10.000289902865887 -0.0010605930987475172 -0.0046549658284861378 0.99998860315276317
78.832231426186354 1.4602222154479186e-07 2.5492202045140347e-08 10.00009153407812 0.0031995124948424542 -0.00058142818217685817 0.99999471251655336
76.179248907026363 7.4928052445614719e-07 5.5698691689134304e-07 10.000272671103478 -0.0064402545033260981 0.013403141578416645 0.99988943334638836
78.325435193173362 -4.8367757020622317e-07 2.5646782107720579e-07 10.000121478796004 -0.0090378991748733834 -0.0065312251779549961 0.99993782780539886
73.866088678302475 1.5283399327681179e-06 -3.1603187833418812e-06 10.000419517457484 -0.0013734711400951206 -0.027367361569521142 0.99962450004876857
72.376596787074774 8.9976746942232501e-07 1.5565913292974316e-06 10.000529803276063 0.0013476653010797133 0.010970136595015537 0.99993891808516155
77.893606716629378 -8.141966031058368e-07 3.0223385795377449e-07 10.000159005165099 -0.0067963996388566645 0.0057583773427333099 0.99996032423408066
75.239184907059595 1.3101038453635426e-06 1.5109948071050663e-06 10.00033382242918 0.012945248088793774 0.00043389493856651334 0.99991611262500524
66.44959875015806 -7.7414772562822009e-06 4.3929029161500162e-06 10.000963490843773 -0.0022793505717105321 0.020928656160127707 0.99977837339697573
78.674091574034435 4.2185995703731569e-08 -8.1983910307421098e-08 10.000090079009532 -0.0013937254931932403 -0.0042465775299289094 0.99999001200438598
75.775280924591613 -2.9706597528311417e-06 2.1060584267170763e-06 10.000294566929341 -0.013737691991058787 0.0061894998594133888 0.99988647651133333
76.437820612361421 5.5716351942056707e-08 5.4757825576568301e-07 10.000237274348734 0.00053856431732186686 0.0021597983257042445 0.99999752260676555
66.047455064877326 9.0626719742130278e-06 4.8412162273646257e-06 10.000978375136853 0.017814719036965528 0.011201712575284016 0.99977855419138428
75.733977483118508 6.063801123629704e-06 4.4972214401541521e-06 10.000297674834727 0.031319415556535626 0.040072433745563275 0.9987058096671434
70.178566397737143 6.4156392042903065e-06 -1.0732318619130107e-06 10.000692918777467 0.0085158484603500978 0.0048912767552424978 0.99995177670560897
68.238255277273353 -2.5096826653781532e-06 -6.6595337601157377e-06 10.000830494403839 -0.016678307832889865 -0.019987324634808987 0.99966111302869742
66.943760336527475 -4.3773960656295439e-06 -8.5580032616154075e-06 10.000887547612191 -0.0018552980277136638 -0.019807210163071132 0.99980209656450725
75.230655312812544 -8.54909796816169e-07 1.70926501187906e-07 10.000335573673247 -0.0019149601725917359 0.00056167356926462085 0.99999800872318712
66.210919430082853 -3.8728307961598909e-06 -1.1524680070156893e-05 10.000981325268747 0.0006973873837265997 -0.0093355645558324003 0.99995617948251159
76.424937924303052 6.292787522986643e-07 8.8218237203603967e-07 10.000243027210235 -0.0024615042874011187 0.0073900447078146091 0.99996966365778284
67.818861572534814 1.0311795533825366e-05 -6.0655465869708692e-06 10.000886107683183 0.019580899755459073 -0.013078792807660208 0.99972272833194165
76.148507315228798 7.851581692530786e-06 -7.0902222234716103e-06 10.00026771813631 0.03478156931421697 -0.032331247524405783 0.99887183005106106
72.145633583553064 -2.9403719162486364e-06 4.692420940150906e-06 10.000554784178735 -0.0069404941435586235 0.019174158217424631 0.99979206898119388
79.381225744207029 0 0 10.000048137307168 -0.0012720081420649232 -0.00043131669096897746 0.99999909798019249
68.369519493875089 1.0950210689272409e-06 4.4267044043399836e-06 10.000800291836264 0.01164498991074963 0.016551954370430295 0.99979519253520011
74.825639903228407 -2.3015469962423248e-06 2.8723813410342089e-06 10.00036504495144 -0.015603902752098458 0.0052059050365042304 0.99986469923267829
74.431583141066753 -1.9736503726247367e-07 -9.2699591107234897e-07 10.000391494214536 0.0020187320887382816 0.0025379056940078078 0.99999474186389703
69.909016342436033 -1.0068526444425744e-05 1.7317903303331156e-05 10.000698051273822 -0.015032264139192191 0.028236131397599864 0.99948824501269007
74.124186051059525 1.4430742680089619e-06 -2.5919819753209965e-06 10.00040451145172 0.001523690972676331 -0.0072756750473489638 0.99997237107753389
66.400324727196931 -5.2978210927468376e-06 1.0128540281869676e-07 10.000963338613509 -0.0078263354003429032 0.0040105794418237618 0.99996133111572982
76.847126417991262 9.7861370215731136e-07 -4.0993147820659275e-07 10.000222269296646 0.013699011023569463 0.001579513682752049 0.9999049165963243
71.640264410431612 -3.4807552321575164e-06 -1.8081932025434536e-06 10.000585226476193 -0.019573587972017838 -0.01337537633082206 0.99971894748569723
66.649813699339347 5.0112213870954712e-07 -2.5335480897106444e-06 10.000905244052412 -0.004198259567525061 0.0056651322843222374 0.99997514013739608
71.137476796455815 -1.0645647638086657e-05 -6.1623030386410359e-06 10.000625835299491 -0.01854228149011132 -0.012175634312089397 0.99975393859001105
72.840352455336998 -4.0848064010353137e-06 -3.9230904621006005e-06 10.000508237719536 -0.018083097395506356 -0.0048013797504575483 0.99982495885083611
76.287585813995662 1.1723585529878442e-07 -8.7197818903255897e-08 10.000265124499798 0.0031057058983363361 -0.0057728173824622992 0.99997851435435448
79.327778790456364 0 0 10.000054746329784 0.0008079909625352264 0.0026636682449570738 0.99999612600353871
78.514955811813678 -2.0649945475081813e-08 -7.4193462489520182e-08 10.000106899380683 0.0017515987447586328 -0.0026641253382977169 0.99999491715609201
77.178538777943388 -3.7402673175382155e-07 -3.0952856036336449e-07 10.000205338716508 -0.0078279641269911829 0.015465330060519348 0.99984976198614228
67.570159595554898 -6.3368025194216e-06 1.3059913689303993e-05 10.000865478277206 -0.022231762691094448 0.024669154355027704 0.99944843866557442
71.765945634450802 1.4991948494082717e-05 9.3115793617590456e-06 10.000599864661694 0.051578052963073905 0.016102938262099731 0.99853913284951712
69.174648453716742 1.6753885117666864e-06 6.4968429895053892e-06 10.000764265835286 0.011535004507010796 0.030596675126048609 0.99946525059266289
66.714584701077243 -7.3222959294298016e-06 3.4551976535328178e-06 10.000936896860601 0.0072246565132237156 0.015565821229953586 0.99985274393167656
75.738602978316194 1.5530813009828824e-06 4.0199031580561711e-07 10.000296773612501 0.024447649140969266 0.026330330800844501 0.99935430460442709
67.903166083478652 -1.7483084927628814e-06 1.2301686467172016e-05 10.000827856123447 0.0045185486091309677 0.031138348579474312 0.99950487040644787
73.978989709442999 1.8682645565559231e-06 6.2629070367384487e-07 10.000432205855848 0.014829893859596733 -0.0079321587494673128 0.99985856755127467
69.109997989320462 1.764996492767229e-05 -2.9073549762541739e-05 10.000763403952121 0.024097156888753937 -0.030912157924913957 0.99923158753229169
67.857714744694462 -1.3448748769689993e-05 5.1090140159703891e-06 10.000885064244269 -0.043918730973027467 0.00021456065715812233 0.99903508398526375
74.534511093737848 -2.3276086116502253e-07 -4.0516734822822973e-06 10.000395666360856 -0.0014273573293513587 -0.015034988463601958 0.99988594938270525
68.352520177201384 -5.3647513224683998e-07 6.8510383786581516e-06 10.000818926334382 0.0026027062166685561 0.01405189765280483 0.99989787983208811
65.881317251346005 1.8289038287818547e-05 -8.0984502689741625e-06 10.000978968560695 0.040267896535925836 0.0016164845842713649 0.99918761175575077
70.193890477561908 6.9987191894202305e-06 -8.0855397466045256e-06 10.000696630716323 0.015126765891793643 -0.034167918278839221 0.99930162329205963
79.891408093381472 0 0 10.000008069932459 -0.0012012844850895635 -0.0011033324417956004 0.99999866978566965
75.562870138522968 1.3633543917215787e-06 -1.1405441179490403e-06 10.000318160831927 -0.00072617526377928782 -0.0098019676891718133 0.99995169588280952
75.513805348955643 7.2432197820988226e-07 -1.2798422660044997e-06 10.000333958864211 0.0063268727679197476 0.0096220620973908773 0.99993369110255126
66.686141635146868 -5.0403176867816418e-06 -3.6788378001151035e-06 10.000932674944401 -0.018901059625926309 -0.0048798103617267961 0.99980945054337766
76.85945226434103 2.2817380850905071e-07 -3.2943478736708582e-07 10.000213546335697 0.0031000629103451476 -0.006381787471067801 0.99997483088257089
71.602038766153569 3.043225965819465e-06 -5.507398417016089e-06 10.000590572237968 0.0055065386594377952 -0.010233877096103712 0.99993247061567825
79.805252266570676 0 0 10.000016834974289 -0.00052069785049618051 0.00024457699775179447 0.99999983452790664
75.336447971091374 2.7032553957091321e-07 7.0612656940308766e-07 10.000330621182918 0.0025360691658592102 0.00081419299090430407 0.99999645271518833
74.168216248155545 -4.4715625206230369e-06 1.276343777123489e-06 10.000422178447245 -0.012573373957046477 0.00065061759907507561 0.99992074034099132
72.027792181698828 8.7036993608996951e-06 2.6802793893345451e-06 10.000569632947446 0.030061326963029867 0.00841332595596621 0.99951264752757418
68.791718105572613 -5.5075050486272712e-08 -3.9848734755351776e-06 10.000775710105895 0.0069530751098887998 -0.0056072618576269769 0.99996010588471784
78.03165752366202 3.1865873988197793e-07 9.0523289901082688e-08 10.000133230686188 0.0046632386638638269 -0.00080489536669247773 0.99998880311162119
72.773343048209483 -6.7904513259235844e-06 4.5088178229010225e-07 10.000501110374927 -0.016608810972733347 0.0061045873434791599 0.99984342844839347
75.533446316244252 -4.4158022594830932e-07 3.6958944091996003e-06 10.000311095118523 0.0024696273056702659 0.018556940119901198 0.99982475510179147
75.3903567755263 -2.7835315453839384e-07 7.8512198995212861e-07 10.000326076447962 -0.012400955098204502 0.00055408688060628523 0.99992295168196899
66.297016071655165 6.3585497533769616e-06 7.872780526989089e-06 10.000960186541082 0.017464072825493081 0.018227939950758162 0.99968132340536264
70.05958452065039 5.0309748510992622e-06 3.2458604685447135e-07 10.000703070342542 0.0056702268752567763 -0.013542617083801662 0.99989221721628796
66.624146171182034 1.5113254394964191e-05 9.360526438464761e-07 10.000957418143749 0.039709719172992854 -0.013760223291420542 0.99911650694910059
72.771634030250823 2.0252561508061893e-06 -2.3635708626777738e-06 10.00050786113739 0.0023820659504813573 -0.0082044178119325319 0.99996350597918071
79.325321224277815 0 0 10.000047160744668 0.0046468737584112307 -7.8579701264301952e-05 0.99998920013643344
68.123651281308099 -1.4546606152622075e-05 5.4803412141499363e-06 10.000831059217454 -0.026427827024930198 0.039409642225206265 0.99887359063017656
66.057363019467118 7.6775753648539388e-06 -9.8362650249695032e-06 10.000993584632873 0.012841494001455896 -0.012221509963886755 0.9998428530154192
73.077034126825907 7.0656689570489703e-07 -3.8582291829361767e-07 10.000487689077854 0.0025432869229764666 0.0026540599778854487 0.99999324380580745
67.816362046199643 -4.2756709604644223e-06 -5.221397793409762e-06 10.000880908489226 -0.013505562170132396 -0.01301372697715665 0.99982410588094583
75.985225786206755 -2.8918492014490971e-07 8.9670372720074215e-07 10.000292672693728 -0.0049690000352721874 0.01101996890346784 0.99992693199254112
66.680220202696034 -9.5434697017447972e-06 7.9911132077392376e-06 10.000936225354671 -0.009631879101218023 0.026861000688933004 0.99959277385691869
75.785201443762531 2.1278498718099645e-07 6.1208432452307908e-07 10.000311635792254 0.0010429507202384337 0.011877665723530603 0.99992891412877727
69.297311967641377 -3.6940121173944263e-06 -3.9084153338019828e-07 10.000757236957551 -0.012117908682996725 0.005978870221675767 0.99990870053221503
76.847454015655927 -9.1733400590198812e-07 -2.6040110438267271e-07 10.000216096460818 0.0023542956842430287 0.00025334091990876181 0.99999719655117525
77.480324499713731 4.6683592739595684e-07 -3.450105720593147e-07 10.0001759608984 0.0024194616494323811 -0.0048162502697098545 0.99998547486384337
66.601829501081909 5.9060456410741145e-07 6.0583016127577547e-08 10.00092707556486 -0.0024931425851042574 0.0027733204636103351 0.9999930464426523
70.713683938290416 -1.4962842490388006e-06 1.8531870289017547e-06 10.000658638477326 0.0014691356544111792 -0.012325494270701972 0.99992295894804406
72.855143190693184 2.0332495309213586e-06 3.1389689639513147e-06 10.000491894364355 0.015741310343866912 0.012814226915320203 0.99979398214693249
78.756388029394344 -4.6150436679036006e-08 2.6840762707995221e-08 10.000092369318008 -0.0045172349860538455 0.0003539264616060371 0.99998973460938101
73.432234808214105 -6.9995825353311882e-08 -2.2864238674917095e-06 10.000474427759649 0.0043712862792641997 -0.0032867856129606137 0.99998504433646351
77.46738876023791 1.0137653613911083e-07 -3.0049286231717272e-07 10.000182524502279 0.00037794533414079324 -0.0028584756577485705 0.99999584312847944
77.411027820361255 2.5909732691707611e-08 -1.8036854561439892e-06 10.000187485814095 0.0027996796269209542 -0.015967971580485574 0.99986858420373992
77.67806121640524 -4.1276514717630033e-08 3.3937781489726758e-08 10.000151223242284 0.0002197715432946932 0.00013939783924190848 0.99999996613435493
77.596538788446395 1.3450943974372442e-07 3.8402477628271533e-07 10.000171198010445 0.0030839580830609014 -0.0030616989968718618 0.99999055755631738
72.930137435106403 3.5351620912205994e-06 2.246747416253811e-06 10.000516313731669 0.017610190112754779 0.015300476382104867 0.99972785128087405
69.385318946103723 -7.2170599177771901e-06 -4.4636472308529405e-06 10.00076512724161 -0.013446131155859405 -0.00831117839739259 0.99987505512968278
67.785518353753133 5.2475253480794316e-06 -1.4188954636079648e-05 10.000859372675418 0.0082869258465874413 -0.0320334525383449 0.9994524424796245
77.193418330186347 3.6534438852543799e-07 -8.0158460767024938e-07 10.000197028756141 -0.0039200593401459141 -0.0081883811655666539 0.99995879092523443
78.512755825841708 -1.2037710728121328e-07 -1.0988442094996617e-07 10.00010367423296 -0.005183573456306009 -0.0031702298030172027 0.99998153993422256
75.783346048475224 -1.8563186876940413e-07 5.8734581959181001e-07 10.0003191947937 -0.0043694091015527856 0.0031438912307226001 0.99998551200106534
66.937444406658244 1.1411052451567729e-06 -2.1801251068643047e-06 10.000897824883459 -0.0047207768702277053 8.5150770408965853e-05 0.9999888534454211
70.318112258540125 -5.0052141861519393e-08 1.3332292161427936e-06 10.000688462138175 0.034197593812661735 0.018422379163807016 0.99924528546466973
67.780293647948682 -4.7485589806782528e-08 9.782714526428807e-06 10.000847080528736 -0.0084490154187856128 0.015973424025028698 0.99983671860127732
77.520386048360024 -4.9961471212635112e-07 3.7963490680317816e-07 10.000184479832651 -0.0093316001116632748 0.0084766663492025513 0.99992053052578167
73.845528755646669 2.4295035494804475e-08 1.8601228923023249e-06 10.000453562557698 0.0068238961807341198 0.0049119232660042129 0.99996465310067006
73.927684932132976 9.3863183229548793e-07 2.0933262946658058e-06 10.000426853597165 0.0086706680279193069 0.0078520571532067936 0.99993158001655913
69.097029352218868 4.244870726741428e-06 -6.1457220158677948e-06 10.000778322935105 -0.003026757568296152 -0.0096006250095089819 0.99994933208540604
67.929730405574787 -5.2384054504025615e-06 -9.9104642828937016e-07 10.000850820183754 -0.012279370937408584 0.011545713754924121 0.99985794668206285
68.451019541527785 4.4470051160944394e-06 -8.7450427903921592e-08 10.000816431879997 -0.0067431021757474539 0.0070620833098436406 0.99995232763985897
74.296169375124521 -2.1446444678065857e-06 -2.5360007518427519e-06 10.000400866806508 -0.0048008270304788275 -0.0033552114002244338 0.99998284716103181
68.11982406096584 -8.4358440517386106e-07 -1.482729302939688e-06 10.000818564057351 0.001386474080329143 -0.0020026721046397279 0.99999703349263291
77.564066358161611 8.5865665914758362e-09 -3.453737119459577e-07 10.000170317351817 0.001637225266854486 -0.0035494807404676774 0.99999236031076688
67.546592943232582 -4.5687550257977837e-07 -7.5671182564839244e-06 10.000863225400447 0.0016259971557543301 -0.027563257172116305 0.99961873881361052
74.02501764598874 6.176986670307048e-07 -1.9374453783405351e-06 10.000423993885516 -0.001701242186111535 -0.010999445552080265 0.99993805706782213
66.11705826050742 4.7609614566636425e-06 -7.6582876124012263e-06 10.00098391097784 -0.013430276898776062 -0.010650649273021106 0.99985308487421565
76.66310989328214 2.3905854130370551e-06 -2.7750745684131345e-07 10.000233356833458 0.020738192592691333 0.010407840228727819 0.99973076587137299
76.553871214010442 -5.3706265985546005e-07 1.387281038864114e-07 10.000249751150609 -0.00011725090131510136 0.010987456642326638 0.99993962920206292
68.245984642760902 -5.2555387987703488e-06 7.6281787483010199e-06 10.000828715085984 -0.00020118857046662027 0.021973286963268619 0.9997585379396311
72.930365926240242 -1.7823004389302001e-06 -6.5855729806036828e-07 10.000521410286428 -0.010900848513851244 -0.0019481695368053394 0.99993868618887527
71.627619170345966 1.6450499903084807e-06 -2.2231197748902607e-06 10.000601186275482 0.0069925095093370518 0.0088060227246967021 0.99993677738871756
79.41554045363398 0 0 10.000036657392979 -0.00031098320656428019 0.0049604312383921059 0.99998764862940903
70.534166016089316 -1.2945421364356808e-05 -4.8401140794894914e-07 10.000667533755301 -0.039930157927160002 0.0013311103220154004 0.99920158658462044
71.320060070732012 -4.4550069655643075e-05 1.3892050796761906e-05 10.000609641611575 -0.096993408799753392 0.031881493322495777 0.99477427039149524
73.306307954495892 -2.6241173270483418e-07 2.3557713886940587e-06 10.000481233358382 -0.016381067232174619 0.0016940307663762472 0.99986438625250451
67.484997841417609 -2.6866625702191376e-07 7.0531046787559181e-06 10.000884967386721 -0.0040360328714762056 0.013484457415121606 0.99990093501650468
74.787745351049935 -1.0093499627899116e-06 -1.49372295998973e-06 10.000367993295193 -0.0059595054771887646 -0.0048423004686096094 0.99997051777571877
70.339175849399211 -2.9996011728958335e-06 3.9664130897194903e-06 10.00069098776579 0.012627161636006646 0.015875075778263571 0.99979424721192145
66.819701270666528 1.1856192861981833e-06 -6.4233662422059386e-06 10.000910706639289 -0.00079810084838982187 -0.0055323002858388686 0.9999843782222716
76.31259503386697 -9.6146222992431424e-08 1.6655985411325977e-07 10.000266971230506 -0.0058409449484826612 0.0042777325649333937 0.99997379183967205
76.343586920755783 1.0778204690817528e-06 -5.2338951346965998e-07 10.000262660741807 0.0025036938998321562 -0.0065951940335752914 0.99997511715667964
77.585830113220638 1.3745645326399423e-08 1.1811326057644847e-08 10.000177693426608 0.0030996874459601181 0.00092288019523146321 0.99999477010126525
65.953985335173073 -2.0412727892249425e-05 -1.928766022787901e-06 10.000968010902405 -0.016634046828192132 0.00052887022407459728 0.99986150480074176
79.197318327137424 0 0 10.000054539203642 0.0011530871295677035 0.0018242441217052312 0.99999767125901651
72.512709202086356 1.4751627712624494e-06 -1.0443695746100978e-06 10.000518897294999 0.0068165396564624503 0.010938483098527751 0.99991693873772092
72.730378266253723 1.5333569032638097e-06 -2.6674402975864475e-06 10.00051035475731 0.0080656194406150718 -0.021461159489347369 0.99973714766253019
75.390868360195313 4.4526804312523373e-07 5.4746374257784898e-07 10.000325102269649 0.0010056785570311082 -0.0067305597406259405 0.99997684382000451
71.404609821215686 -7.2748643692533342e-06 -9.1600445629415805e-06 10.000601286709308 -0.015122964216320501 -0.023283130870274938 0.99961452158829189
68.873061817427384 -9.0537769427854977e-07 -2.3948809198446833e-06 10.00079213619232 0.0021570798691073387 0.0014067066849241974 0.99999668408587283
74.675397870198182 1.5451349233501547e-06 3.1720601921678812e-06 10.000380692481993 0.011008023452999303 0.019491093454374452 0.99974942895488139
78.478670397303105 2.7068793982729135e-07 -7.3551868374321005e-08 10.000108847677708 0.0037576771497723946 -0.00014653082065266428 0.99999292917058002
79.542524329174498 0 0 10.000036493718625 -0.0042652174426300047 -0.0046525811686185031 0.99998008050592513
70.409232985063738 -7.6666607835180898e-06 -1.4999578666149841e-06 10.000676000893115 -0.025367621187762215 0.0010140175882570428 0.99967767583536893
70.853136723031426 5.5505932546397396e-06 4.247949753104047e-06 10.000635365962982 0.00051544816362315859 0.006737800569383539 0.99997716791768676
69.503651386912338 6.0214037990578523e-07 -3.0907585747774056e-06 10.0007212331295 0.0015339414147551638 0.0027564111895971967 0.99999502459816769
69.952008707962023 4.3307292518115264e-06 -2.6279120004862107e-06 10.000709479808808 0.0065590885836254598 -0.01654328781419671 0.99984163645311797
73.138183148981369 3.2539646452323183e-06 4.2902763419762316e-06 10.000485579609872 0.012439369025814946 0.010990072073064077 0.99986223071684666
68.823754631547132 -4.8711827115408243e-06 -2.0302850377441383e-07 10.000768779516221 -0.018099430372798167 -0.00029451298543778587 0.99983614851748659
75.002036409888802 1.7305467021952417e-06 1.7137106867129563e-06 10.000352888524532 0.0069630025432096216 0.0021381934494293358 0.99997347201031084
72.633620945512973 2.712620640596758e-06 -2.0818179466592972e-06 10.000511454343794 0.0046379419632899925 -0.01633935445533867 0.99985574709071312
69.34237211773457 1.4750117339204715e-06 1.3550945869374931e-06 10.000772269546985 0.024344501768760164 -0.0032289559569043226 0.99969841406149051
70.396369848789874 -6.5343970945058702e-07 -3.1862412915895689e-06 10.000689130961895 4.5833294006026237e-05 -0.01109182981798632 0.9999384827131107
78.700153570109322 -9.183860335548719e-08 2.2601834879492613e-08 10.000090299367905 -0.0030396082863440709 0.0042708048309244868 0.99998626040939276
76.182614985933142 -1.5042222398223854e-06 1.9939544981005798e-08 10.000277608692645 -0.010440811662917658 -0.0059811833912048759 0.99992760482799969
74.670330054794192 -2.6652431038951767e-06 1.8312733164639144e-06 10.000386822998525 -0.009569871455860782 0.0075049889482121622 0.99992604361582926
77.514934693400093 6.726283339953193e-08 2.7820998785244634e-07 10.000187291920184 -0.0013418283494123077 0.006990215689960895 0.99997466786978573
77.617320419732934 5.1259667393044354e-07 5.6489895188000334e-08 10.000175389647485 0.0032950829137839109 -0.0021560937222393443 0.99999224681417009
68.643983095059014 5.2307928686578447e-06 2.4263984680155771e-06 10.000788535177708 0.012091636916469504 0.013849750895755613 0.99983097407352106
79.15879129280755 0 0 10.000058536350728 -0.0015226295395463036 0.00082309707225924943 0.99999850205412555
68.279333674983391 -6.8434860434136351e-06 -9.1802016336870539e-06 10.000810504317283 -0.034830054537363202 -0.018383426045449087 0.99922415750809168
75.181637191671811 -1.6263333520858991e-08 9.2756083588034727e-08 10.000342232584952 0.0055337018075251217 -0.0004682985140746635 0.99998457930150442
74.062089702627347 -2.7362165386275868e-06 -2.000545596851511e-07 10.00042966979742 -0.01999067865217339 0.0046719781310404513 0.99978925048600542
71.724379103068841 -8.7152536728930708e-06 1.0756688981623709e-06 10.000591043591498 -0.013068631576303693 0.023002981723687654 0.99964997559172797
69.523056672684362 -4.4478536326474006e-06 6.0800454590824549e-07 10.000722533524037 0.0088409839953056627 0.0041853135169606058 0.99995215893199585
77.602974921979609 -3.0836610634711634e-07 -1.4020936663952194e-06 10.000182970762253 -0.0044474918454893795 -0.0078018919573650631 0.9999596743360053
75.207103586454167 -5.7455450106751381e-07 2.5213025329847883e-07 10.000335147142412 0.00068534341815544705 -0.00041178316613222846 0.99999968036946052
70.93000622803423 -1.2612160646332175e-05 -2.515439893630687e-06 10.000645824193956 -0.017383504813268755 -0.0099557068877550135 0.99979932869590005
73.820263968786378 1.1021543838908491e-06 3.1565261409614139e-06 10.000418452501297 0.0060548199553937601 0.011730596334607787 0.99991286233598486
78.204682053707515 -1.0764005863751797e-07 -1.9227041752286094e-07 10.000129280269146 -0.00025051267644963767 -0.0070430914268463044 0.99997516574490597
77.50065584326336 2.1363029575687889e-07 -4.0768148479500288e-07 10.000170093595983 0.0031145914233998324 -0.001344010241990917 0.99999424646181578
66.063904663762614 7.6743790631698942e-06 8.1183466706311064e-06 10.000992981672287 0.049542848123995044 0.019451613202247937 0.99858256591209971
66.707735108945229 -3.0849707196070824e-05 4.1122264956921558e-06 10.000945678770542 -0.048027171803380328 0.0093588229678651085 0.99880218421929012
74.375261441727247 -5.9186815292643031e-07 2.6048753104382987e-06 10.000408883392812 -0.012740918456412523 0.0091737486550502213 0.99987674807073146
69.287985451221473 7.9619376603305823e-06 4.7878202740325055e-06 10.000743243038656 0.015949067682669078 0.0016021375478646937 0.99987152194436024
65.873582454656116 -3.7047822413160042e-06 -1.0012242826847707e-05 10.000977575778961 0.0015365667725609471 -0.023386220735132003 0.99972532409771497
77.607178850516036 1.5941943857423793e-06 2.4725170265894004e-08 10.000165454030036 0.018483176279869236 -0.0024399165968055922 0.99982619439660991
67.421737348325252 -1.9817244503007788e-06 -1.0119303578919995e-05 10.000892568349837 -0.012096622176899767 -0.024369037678788605 0.99962984235891994
72.001205119473894 -3.9405841380966582e-06 -1.1278662976890434e-05 10.00056707394123 -0.0027742878494122891 -0.028973847237853286 0.99957631999921148
77.696422059255198 -1.6604404673464762e-07 4.8774233894714472e-08 10.000169965863229 -0.0043150135637619784 -0.0044561190942066847 0.9999807616452242
67.577844357895643 4.7519224183902713e-06 9.5210053104894503e-06 10.000874624907972 -0.0041209922607041375 0.010397687095420305 0.99993745080672569
70.371957946331364 1.0903127087784763e-06 9.5716695464754324e-07 10.000688159525396 0.012792894426960624 0.0096575713680743074 0.99987152833124082
76.30880749125923 -1.4672481293143797e-07 3.2133514589230575e-07 10.000247999966145 0.0055116363512158388 -0.00052761549358335642 0.99998467162583182
75.187229981906995 -8.0544928378907651e-06 3.4463906390830873e-06 10.000321502387525 -0.035215134201599253 0.012005009779642107 0.99930764735558497
69.553966527753289 2.5146727242557396e-06 -7.8498122903009577e-06 10.000749708592892 0.0013152228292977689 -0.027285962505631839 0.99962680358174183
77.473381905090463 2.4719386009729241e-09 -4.7519559077772576e-07 10.000183166503906 -0.0061414321590703641 -0.00080446760066516334 0.99998081763747604
70.844467839923894 2.3488596774739668e-06 2.1343742840246713e-06 10.000652741193772 -0.014700214673873726 0.0062597359253832845 0.99987235155027987
72.741357200474511 1.856678227659999e-06 -6.7330873102739462e-07 10.000508431196213 0.010405280580751837 -0.0045111345224254492 0.99993568783265085
79.844718733222891 0 0 10.000009218037128 -0.0013160180032011502 -0.0013368745497049411 0.99999824042997876
78.843336254550664 5.522537425775026e-08 9.385281235503518e-09 10.000084216415882 -0.00033079813662183991 0.001992621758432303 0.99999796001347951
76.47787051074441 3.4897680994985196e-07 5.7922098420816077e-07 10.000256358027457 -0.001153787051504856 -0.00040184910359732963 0.99999925364609032
78.511252417242019 -3.7162199320014914e-07 3.8888242087711116e-07 10.000113090395928 -0.0085023976304163893 0.009049933925291069 0.99992290099311254
75.820220383156311 2.2278407299361729e-06 -6.3050476431589348e-07 10.000287029623987 0.0055183539167923817 0.0021811098766369181 0.99998239510991149
67.312427765948982 3.453546516544047e-06 -5.1545693195238093e-06 10.000902464926241 -0.001267360021510457 -0.0086620756575480663 0.99996168038774302
66.155450223679381 -1.6723114312937252e-05 9.0254532500676685e-06 10.000973560154439 -0.02471625636491501 0.003848181360851485 0.99968710013259543
69.028962792275053 1.0062810910858449e-05 2.4089034399877257e-05 10.000769558012486 0.019225795459012346 0.0526523259804089 0.99842781479575227
66.151366408947496 6.3048674495188157e-07 -1.1297506762298271e-05 10.000954105079174 -0.00046759615388059563 -0.016917649215121087 0.99985677699302056
72.487694626427412 -3.7704416789474549e-07 2.623883702011512e-06 10.000526886820793 -0.01303060018158907 -0.0051917869381904735 0.99990161956429302
67.022748436951431 5.2952146427955046e-06 -1.0653923263262955e-05 10.000909871876239 0.0076429918907484342 -0.025330466109015525 0.99964991480100585
73.840720041032782 -5.1071809328434083e-06 3.3635529242223159e-06 10.000444688379766 -0.029291045875009306 0.020385086465889178 0.99936303858073849
71.525321183085879 -2.0018170486772419e-06 -1.5594885399002691e-06 10.000594010412694 -0.017217812201185019 -0.0046775809054691638 0.99984082092094917
71.499390631885305 9.9925222914190663e-06 1.0521375948491632e-05 10.000611079216004 0.025979893539737658 0.027319362372722714 0.99928909609342376
71.561902604890221 2.4599433337210634e-06 1.079665099123026e-06 10.000588604569437 0.030489720830724695 0.017414910993658442 0.99938335877617424
66.753001821661059 -1.8535201603168582e-05 9.2377744495226793e-06 10.000938283383846 -0.003161712655401612 -0.0073096378114458575 0.99996828588118214
77.132566771513837 -4.7582160509025341e-07 -6.40906585235944e-08 10.000206005454064 -0.00054191532333098245 -0.007442643522253968 0.99997215630495595
70.092481115901833 1.8311173758156224e-06 -8.3996971003898927e-07 10.000691651761532 -0.0010606989206620719 0.01705030850364268 0.99985407030112661
77.781113405863636 1.6423268458372447e-07 -1.6015944149868446e-07 10.000148409962655 0.0066764898750745309 -0.0051029353680936557 0.99996469164344837
75.355823635569052 2.3870049231666359e-06 -8.1781782339592288e-07 10.000322132110597 0.0074416868924975363 -0.0054434590847265698 0.99995749412131874
66.146444313930132 2.2401547773900438e-06 -2.0730430083715545e-05 10.000993157267569 -0.0012817046477461582 -0.027801458328192374 0.99961264305130815
67.305451389835824 -9.8905081177701843e-07 -4.7439957148523143e-06 10.000890385568141 -0.0012501221780952729 -0.0060855163945418298 0.99998070165616282
74.938351435737289 -1.3859116780386854e-06 2.8377599230160332e-06 10.000383300542833 -0.014903716986323536 0.0075977388921453278 0.9998600670012372
75.817860905218012 -9.7082636907716293e-07 1.1073932827657499e-06 10.000296388208866 -0.012444546360837706 -0.0016065553066852488 0.99992127302399147
66.263818827461193 -5.3679265945750333e-06 7.8930776841084175e-06 10.000984429776668 -0.012741303418708999 0.019922068058519454 0.99972034609257809
66.808555282142066 1.0944139907332802e-06 -9.0496881598165108e-06 10.000928735852241 -0.0045407839834357812 -0.0045720522430201822 0.99997923859403348
68.435479887267945 7.1836115501581198e-06 4.2017134994726409e-06 10.000839445352554 0.007539318487625641 0.019234696042012202 0.99978656979623082
78.698091167547176 2.4705945411969693e-08 4.2419278061082147e-08 10.000091203272344 0.00025833204286324887 0.0019514640605273379 0.99999806252441104
79.192925542811707 0 0 10.000056816399098 0.00086596916777097036 -0.004531100667082677 0.99998935955546309
69.791549746117184 -1.4166479814512764e-05 1.0361084982367631e-05 10.000729585230349 -0.055936372134399941 0.034397073163699533 0.9978416525833208
68.696007156989438 2.357275784922201e-05 -3.046922321520464e-05 10.000795873999596 0.047363008320054897 -0.052496258169355395 0.99749731243802897
66.710596630184597 -9.5364625645696045e-06 -1.2602374389989363e-05 10.000937296748162 -0.019911538061948848 -0.019944851336760761 0.9996027878898508
72.335549858440103 2.1854837808891865e-06 -7.936950321185159e-07 10.00055412352085 0.0079040298272377088 0.0020621042991451561 0.99996663646261197
76.415704956721086 4.0908115694523585e-07 -4.5859007712142645e-07 10.00025557732582 -0.0011054262631663152 -0.0047938193275626675 0.99998789859129356
77.696050995581274 3.0394631225400669e-08 6.5988418034483063e-07 10.000156253635883 0.0040598439688123104 0.0067318265046777672 0.99996909961201297
73.570820953523366 9.6542433270068372e-07 -1.2103540905921938e-06 10.000454250574112 0.012964417751741675 -0.011537894184506192 0.99984938909325005
70.82578907565177 2.6938694531679237e-07 -2.3185167751677869e-06 10.000666525900364 0.011986171864705294 0.0015902616091862047 0.99992689870412221
70.976601135279608 -1.8663291182220154e-06 6.9579764933660346e-06 10.000634674191474 -0.0035991043756890555 0.026583754405101679 0.9996401104644721
71.223225367963067 8.3637181455123543e-06 7.2627421643901029e-07 10.000637998044489 0.030026700718853671 -4.01231451119101e-05 0.9995490961599004
73.157319238419646 -1.4225233510603206e-06 3.5853783585107945e-08 10.000489385664462 -0.0040554086312471708 0.0010759647339930096 0.99999119794162428
68.223091517751001 -3.163899452589031e-06 -1.0984798714135536e-05 10.00080124926567 0.00079706721063792295 -0.0049255531753032555 0.99998755172740983
66.596578732111595 8.1842782094808621e-06 -9.5489365376645677e-06 10.0009728474617 -0.00081749464249611251 -0.046543153009614383 0.99891594571837372
68.551027835981671 5.9523719479207858e-06 -9.4752433689211917e-06 10.000810935676096 0.025905825072911379 -0.0086134760802006223 0.99962727866795809
77.663133207018873 -4.4730159356959434e-07 4.7612099046620423e-07 10.000164198160171 -0.0061029182625914188 0.0068101266424796065 0.99995818740775022
65.680654132102035 -5.856375962615113e-06 -3.1690002675405915e-06 10.00097009986639 -0.0073977142084668485 0.002357032588568861 0.99996985865668275
69.828282550434082 1.3300642809071251e-06 -3.3125036470478589e-06 10.000720254838466 0.01275835882870191 -0.021272682565536945 0.99969230128898379
68.656714039245585 2.5796889365648593e-06 3.0339968162901621e-06 10.000778088808058 -0.039434095416994178 -0.030505461087888014 0.99875641122470837
72.852827048269191 -5.0309265820276046e-07 2.3715209128761172e-06 10.000497960150241 0.006813646370905339 0.0027148733214088757 0.99997310148122542
71.676784013843942 5.7467972342247226e-06 -6.7063324231757077e-06 10.000590646326543 0.014003381429444526 -0.022011409196278798 0.99965964366565074
71.010405270883268 -1.981850158010077e-06 -7.4348361075487354e-07 10.000646023869514 -0.0096927751551776943 -0.016605781558676917 0.99981513197621519
66.947602628048884 1.0580005268092105e-05 -8.8461351900191301e-06 10.000922530412673 0.024802537240504598 -0.01478011327822004 0.99958310429794517
67.263075177439035 9.1973825062633816e-06 8.3431847372862861e-06 10.000913038969038 0.0047003478831477812 0.020010259771948501 0.99978872579842415
68.104682621323917 -3.5997846678726703e-06 7.7078312323209382e-06 10.000857323765754 -0.009738578216136759 0.0095062601433784019 0.99990739126801864
78.283112677621858 1.0472590426358882e-07 3.9437205349878974e-07 10.000122606515884 0.0083214396260913731 0.0095360799278039823 0.99991990520349161
70.826951283178744 -1.0617345681690872e-06 2.9508017007627388e-06 10.00065232783556 0.013822041027118532 0.0040680350401466059 0.99989619574871713
74.830664811143762 -2.2501668676276064e-06 -8.2203180341492638e-08 10.000359488487245 -0.021204436440424509 -0.0060275654853271035 0.99975699063800705
69.242172716731048 5.8839086965483174e-06 2.3470436604015784e-06 10.000786004662515 -0.0017336584623519999 0.0033342148264424148 0.99999293869498251
70.872841874726262 -1.143406808228948e-06 2.059874095414458e-06 10.000659193336965 -0.0028508741672307676 0.013069188375670546 0.99991053041343836
74.173653145359111 -1.3803176483087947e-07 2.7809783143109225e-06 10.000390004515648 -0.00024537181579129159 0.011384935618866401 0.99993515941466238
72.59101824896031 -2.0970931244613938e-07 2.8116897962097444e-07 10.000530146360397 -0.00027830911894762044 -0.010283069285058524 0.99994708911527552
78.876816605658604 7.3351633523037564e-08 -8.565565504331736e-08 10.000081105411052 0.0035268518790707382 -0.0071608815209786188 0.99996814103833598
71.493813013862834 -3.5810437607461005e-06 1.5831632787922543e-05 10.000598809897898 -0.013915008049693867 0.030635045681337854 0.99943377295700753
72.570655990674652 -3.3564860724553135e-06 -5.8345830281491954e-06 10.000542343795299 -0.027390133041013946 -0.021559638166933702 0.99939229665537566
65.935547151838037 7.5351028438010318e-06 2.7969217701533467e-06 10.00097197240591 0.028509269533239526 -0.0060350071446928447 0.99957530993889832
66.039310280859723 8.9790840807890792e-07 -3.4371936103952427e-07 10.00098006862402 0.0054545303828660366 0.00093744782380729462 0.9999846845276581
71.278576645024856 -4.6114225776927938e-06 7.7465411551927294e-06 10.000615655124186 -0.017775755070088977 0.018283464766997642 0.99967481585153573
73.465745065970424 9.7072547850764989e-07 -4.2154621212148667e-06 10.000468797504901 0.0092448388086016145 -0.015858085976294595 0.99983151283832394
77.602255774953875 9.694207420895579e-07 -7.2774358009517404e-07 10.000167076587676 0.0072267307728420532 -0.0094232505177925738 0.99992948586988672
66.923242759760882 6.1784923707301027e-05 -7.29428075382359e-05 10.000939247369764 0.059519231937591482 -0.071455506308317013 0.99566639576104077
74.129965013075619 -2.3525568846904691e-06 6.6216339943026041e-08 10.000414536178113 0.0042723489108524356 -0.0052740754918880481 0.9999769653159466
77.464573236683947 -1.9252957015539949e-07 -2.7550274144870548e-07 10.000174792110919 -0.00014448016180059874 -0.004747661317216486 0.99998871935512346
73.916773193116384 -6.9575872936365557e-07 -1.7848230023360356e-07 10.000426852285862 0.0058013846687872163 0.0016706432409075835 0.9999817762774913
72.213577111543941 -2.6782539242907767e-06 1.2516500438427168e-06 10.000574754714965 -0.011812794968241915 -0.0060051187992653 0.99991219435670697
69.376919018153998 4.6913251200640593e-06 -5.0186835206422075e-07 10.000754742622377 0.010273258950913213 0.011694875980691922 0.99987883767300711
74.263962895891297 3.3379914687024707e-06 -1.5405546655214482e-06 10.000396312713622 0.016620116807589198 -0.01073717876941282 0.99980422319040818
69.165127200667115 -5.8999067597052579e-06 2.6690292966057302e-07 10.000755981326105 -0.012497723853642397 0.0083960326626937674 0.99988665034293001
68.766632837282259 -3.435913607849821e-07 -5.9840661841694661e-06 10.000815257310869 0.002020571368601272 -0.0044445323133938362 0.99998808164090613
74.985747089998924 1.5887041193661553e-06 -1.0739532581431804e-06 10.000356911301612 0.015690169682644885 0.0038829036824809893 0.99986936228405499
70.094182211134878 5.4571765865667819e-07 -8.0533196467094184e-07 10.00071428579092 0.008753720110522183 -0.00038250529815571257 0.99996161230015401
69.642237469154765 3.6078085832632272e-06 2.0956884363284316e-06 10.000733289957047 0.0053051399512645363 0.0062478402314691062 0.99996640942710646
73.766539371813764 9.632717056916292e-07 -1.642733808973964e-06 10.000451761662958 0.0076322090898087603 -0.011042729634962892 0.99990989969427679
75.589031947766998 1.19896723734234e-07 8.018281189348614e-07 10.000301821887494 0.0027209872312788435 0.0066321603713290975 0.99997430500853191
69.822804698854526 2.0676923340912153e-06 1.1657720981748551e-06 10.000721336722375 0.00044559938874835206 -0.0099773389988538751 0.99995012583012688
74.356728799267742 -3.3139674851116149e-07 1.4083345661376007e-06 10.000381122589111 0.0025616044407999277 0.0097913531113173451 0.99994878248185204
69.67613414877934 3.5772193009529763e-07 6.2143301834723639e-06 10.000741980195045 0.010406215519836932 0.0068377649693184862 0.99992247481931262
79.891514162903789 0 0 10.000009540557862 0.0013892933514354471 0.00089495059193580152 0.99999863446277848
71.465797254472747 2.069612228570768e-06 2.4274899370176986e-06 10.00060377407074 0.0060012747202252484 -0.0010125139992369428 0.99998147958706407
77.894624537172646 -2.919699890616875e-07 4.8518801789446158e-07 10.000140382826327 -0.0041949839161609763 0.0099250987515656867 0.9999419455771994
71.996462393903656 -1.6645242915355358e-06 -1.3287739316164065e-07 10.000556543469429 -0.015310541105921983 -0.0036965016437308391 0.9998759539096046
68.235489981014965 -6.5203797805187588e-07 -3.4883677827276421e-06 10.000846583843231 0.0036333701093507315 -0.012336236126512473 0.99991730453066918
69.551677328603773 1.5158923711146289e-06 8.9701506106995206e-07 10.00074292165041 -0.0025515795596126605 0.0089210487841565496 0.99995695123857298
79.988889252995179 0 0 10.000000842571257 0 0 1
65.943406047978399 1.6755685031132406e-06 3.2464143798926191e-06 10.00099931693077 0.0078727518125462637 0.01013122955229917 0.99991768559549776
73.664127776951844 7.2363741023073168e-07 -9.4736732289176483e-07 10.000438950061799 0.00023198093434306051 -0.0076140575159029051 0.99997098573558152
70.481129585476992 1.5329335757203248e-05 -1.1843472724870011e-05 10.000653329610824 0.040947454388546974 -0.042319202801711385 0.99826468987604955
75.463486982948098 -1.8902439937146757e-07 1.909986499338594e-06 10.000319598555564 -0.00016864081224424263 0.015730169357228735 0.99987625901021837
79.294101244766679 0 0 10.000045481443404 0.00096685793777247263 0.0013178343089431503 0.99999866424833905
68.557061052022448 2.6154254861186095e-06 -5.7495921919283338e-06 10.000806011736394 -0.006392598045134432 -0.0058882973607050429 0.99996223060894918
66.263473542968484 -9.863910538458756e-06 8.2894849171828069e-06 10.000967747211455 -0.027954799693440887 0.016390141484265382 0.99947480830495439
70.885882830342752 -1.1349340472493253e-06 1.8574923763686185e-06 10.000635008931159 -0.00020432586566903731 0.0010381968669290744 0.99999944019894649
67.139432663868419 9.312552472991851e-06 -2.6372087180169341e-05 10.000897665321826 0.024839061193412403 -0.046680288173067436 0.99860100727723533
76.595631560707218 9.6046878781676901e-07 1.7241277964771444e-06 10.000241335451602 0.0086959494950178337 0.013589024186073016 0.99986985097264058
76.141144439664956 -3.1874711576053493e-07 8.1240344639663885e-08 10.000276894450188 -0.0015550665095863895 0.0014723581908933868 0.9999977069621252
68.481150247157572 -1.0306883060481799e-06 3.8053365838168553e-08 10.00080663883686 -0.0088557568682888759 0.0010779355805476151 0.99996020602080649
67.611833592796316 -1.6513540671378012e-05 -7.2863923208169327e-07 10.000897849678992 -0.01907297813770352 0.020009475484033451 0.99961784817789856
